mode,round_id,order_position,experiment_run_id,flow,batch_id,request_id,status_code,latency_ms,error
baseline,2,4,perf-baseline-r002-20260818T022744Z,loan_to_customer,1,1,200,15.349900,
baseline,2,4,perf-baseline-r002-20260818T022744Z,loan_to_customer,1,2,200,15.150900,
baseline,2,4,perf-baseline-r002-20260818T022744Z,loan_to_customer,1,3,200,15.325100,
baseline,2,4,perf-baseline-r002-20260818T022744Z,loan_to_customer,1,4,200,14.066900,
baseline,2,4,perf-baseline-r002-20260818T022744Z,loan_to_customer,1,5,200,14.892000,
baseline,2,4,perf-baseline-r002-20260818T022744Z,loan_to_customer,1,6,200,14.416800,
baseline,2,4,perf-baseline-r002-20260818T022744Z,loan_to_customer,1,7,200,14.456200,
baseline,2,4,perf-baseline-r002-20260818T022744Z,loan_to_customer,1,8,200,14.930100,
baseline,2,4,perf-baseline-r002-20260818T022744Z,loan_to_customer,1,9,200,15.440800,
baseline,2,4,perf-baseline-r002-20260818T022744Z,loan_to_customer,1,10,200,15.289700,
baseline,2,4,perf-baseline-r002-20260818T022744Z,loan_to_customer,1,11,200,15.167300,
baseline,2,4,perf-baseline-r002-20260818T022744Z,loan_to_customer,1,12,200,15.282100,
baseline,2,4,perf-baseline-r002-20260818T022744Z,loan_to_customer,1,13,200,15.664900,
baseline,2,4,perf-baseline-r002-20260818T022744Z,loan_to_customer,1,14,200,15.443600,
baseline,2,4,perf-baseline-r002-20260818T022744Z,loan_to_customer,1,15,200,13.942200,
baseline,2,4,perf-baseline-r002-20260818T022744Z,loan_to_customer,1,16,200,14.444100,
baseline,2,4,perf-baseline-r002-20260818T022744Z,loan_to_customer,1,17,200,14.069800,
baseline,2,4,perf-baseline-r002-20260818T022744Z,loan_to_customer,1,18,200,13.827500,
baseline,2,4,perf-baseline-r002-20260818T022744Z,loan_to_customer,1,19,200,13.711500,
baseline,2,4,perf-baseline-r002-20260818T022744Z,loan_to_customer,1,20,200,13.892100,
baseline,2,4,perf-baseline-r002-20260818T022744Z,loan_to_customer,1,21,200,14.787600,
baseline,2,4,perf-baseline-r002-20260818T022744Z,loan_to_customer,1,22,200,14.431300,
baseline,2,4,perf-baseline-r002-20260818T022744Z,loan_to_customer,1,23,200,14.435000,
baseline,2,4,perf-baseline-r002-20260818T022744Z,loan_to_customer,1,24,200,16.286300,
baseline,2,4,perf-baseline-r002-20260818T022744Z,loan_to_customer,1,25,200,14.321500,
baseline,2,4,perf-baseline-r002-20260818T022744Z,loan_to_customer,1,26,200,14.152600,
baseline,2,4,perf-baseline-r002-20260818T022744Z,loan_to_customer,1,27,200,14.097300,
baseline,2,4,perf-baseline-r002-20260818T022744Z,loan_to_customer,1,28,200,14.574800,
baseline,2,4,perf-baseline-r002-20260818T022744Z,loan_to_customer,1,29,200,14.455800,
baseline,2,4,perf-baseline-r002-20260818T022744Z,loan_to_customer,1,30,200,14.703000,
baseline,2,4,perf-baseline-r002-20260818T022744Z,loan_to_customer,1,31,200,14.147200,
baseline,2,4,perf-baseline-r002-20260818T022744Z,loan_to_customer,1,32,200,14.418300,
baseline,2,4,perf-baseline-r002-20260818T022744Z,loan_to_customer,1,33,200,14.387000,
baseline,2,4,perf-baseline-r002-20260818T022744Z,loan_to_customer,1,34,200,14.370600,
baseline,2,4,perf-baseline-r002-20260818T022744Z,loan_to_customer,1,35,200,15.531400,
baseline,2,4,perf-baseline-r002-20260818T022744Z,loan_to_customer,1,36,200,15.145600,
baseline,2,4,perf-baseline-r002-20260818T022744Z,loan_to_customer,1,37,200,15.208000,
baseline,2,4,perf-baseline-r002-20260818T022744Z,loan_to_customer,1,38,200,14.882700,
baseline,2,4,perf-baseline-r002-20260818T022744Z,loan_to_customer,1,39,200,15.693300,
baseline,2,4,perf-baseline-r002-20260818T022744Z,loan_to_customer,1,40,200,14.708400,
baseline,2,4,perf-baseline-r002-20260818T022744Z,loan_to_customer,1,41,200,14.171600,
baseline,2,4,perf-baseline-r002-20260818T022744Z,loan_to_customer,1,42,200,14.284900,
baseline,2,4,perf-baseline-r002-20260818T022744Z,loan_to_customer,1,43,200,14.002000,
baseline,2,4,perf-baseline-r002-20260818T022744Z,loan_to_customer,1,44,200,13.947600,
baseline,2,4,perf-baseline-r002-20260818T022744Z,loan_to_customer,1,45,200,13.963500,
baseline,2,4,perf-baseline-r002-20260818T022744Z,loan_to_customer,1,46,200,14.279900,
baseline,2,4,perf-baseline-r002-20260818T022744Z,loan_to_customer,1,47,200,13.928400,
baseline,2,4,perf-baseline-r002-20260818T022744Z,loan_to_customer,1,48,200,14.669000,
baseline,2,4,perf-baseline-r002-20260818T022744Z,loan_to_customer,1,49,200,16.130200,
baseline,2,4,perf-baseline-r002-20260818T022744Z,loan_to_customer,1,50,200,15.058600,
baseline,2,4,perf-baseline-r002-20260818T022744Z,loan_to_customer,1,51,200,14.253400,
baseline,2,4,perf-baseline-r002-20260818T022744Z,loan_to_customer,1,52,200,14.535200,
baseline,2,4,perf-baseline-r002-20260818T022744Z,loan_to_customer,1,53,200,15.097500,
baseline,2,4,perf-baseline-r002-20260818T022744Z,loan_to_customer,1,54,200,14.551800,
baseline,2,4,perf-baseline-r002-20260818T022744Z,loan_to_customer,1,55,200,14.823500,
baseline,2,4,perf-baseline-r002-20260818T022744Z,loan_to_customer,1,56,200,14.872800,
baseline,2,4,perf-baseline-r002-20260818T022744Z,loan_to_customer,1,57,200,14.762400,
baseline,2,4,perf-baseline-r002-20260818T022744Z,loan_to_customer,1,58,200,13.929000,
baseline,2,4,perf-baseline-r002-20260818T022744Z,loan_to_customer,1,59,200,14.435500,
baseline,2,4,perf-baseline-r002-20260818T022744Z,loan_to_customer,1,60,200,14.192300,
baseline,2,4,perf-baseline-r002-20260818T022744Z,loan_to_customer,1,61,200,14.814300,
baseline,2,4,perf-baseline-r002-20260818T022744Z,loan_to_customer,1,62,200,13.815000,
baseline,2,4,perf-baseline-r002-20260818T022744Z,loan_to_customer,1,63,200,14.550800,
baseline,2,4,perf-baseline-r002-20260818T022744Z,loan_to_customer,1,64,200,14.180500,
baseline,2,4,perf-baseline-r002-20260818T022744Z,loan_to_customer,1,65,200,14.132000,
baseline,2,4,perf-baseline-r002-20260818T022744Z,loan_to_customer,1,66,200,13.983500,
baseline,2,4,perf-baseline-r002-20260818T022744Z,loan_to_customer,1,67,200,13.682800,
baseline,2,4,perf-baseline-r002-20260818T022744Z,loan_to_customer,1,68,200,14.144400,
baseline,2,4,perf-baseline-r002-20260818T022744Z,loan_to_customer,1,69,200,13.913900,
baseline,2,4,perf-baseline-r002-20260818T022744Z,loan_to_customer,1,70,200,14.092700,
baseline,2,4,perf-baseline-r002-20260818T022744Z,loan_to_customer,1,71,200,14.027200,
baseline,2,4,perf-baseline-r002-20260818T022744Z,loan_to_customer,1,72,200,13.997600,
baseline,2,4,perf-baseline-r002-20260818T022744Z,loan_to_customer,1,73,200,14.009600,
baseline,2,4,perf-baseline-r002-20260818T022744Z,loan_to_customer,1,74,200,15.313800,
baseline,2,4,perf-baseline-r002-20260818T022744Z,loan_to_customer,1,75,200,13.750500,
baseline,2,4,perf-baseline-r002-20260818T022744Z,loan_to_customer,1,76,200,14.684800,
baseline,2,4,perf-baseline-r002-20260818T022744Z,loan_to_customer,1,77,200,14.803100,
baseline,2,4,perf-baseline-r002-20260818T022744Z,loan_to_customer,1,78,200,14.004500,
baseline,2,4,perf-baseline-r002-20260818T022744Z,loan_to_customer,1,79,200,14.208000,
baseline,2,4,perf-baseline-r002-20260818T022744Z,loan_to_customer,1,80,200,14.308400,
baseline,2,4,perf-baseline-r002-20260818T022744Z,loan_to_customer,1,81,200,14.263300,
baseline,2,4,perf-baseline-r002-20260818T022744Z,loan_to_customer,1,82,200,14.563300,
baseline,2,4,perf-baseline-r002-20260818T022744Z,loan_to_customer,1,83,200,14.237600,
baseline,2,4,perf-baseline-r002-20260818T022744Z,loan_to_customer,1,84,200,14.732200,
baseline,2,4,perf-baseline-r002-20260818T022744Z,loan_to_customer,1,85,200,14.234700,
baseline,2,4,perf-baseline-r002-20260818T022744Z,loan_to_customer,1,86,200,13.884500,
baseline,2,4,perf-baseline-r002-20260818T022744Z,loan_to_customer,1,87,200,14.443500,
baseline,2,4,perf-baseline-r002-20260818T022744Z,loan_to_customer,1,88,200,14.610900,
baseline,2,4,perf-baseline-r002-20260818T022744Z,loan_to_customer,1,89,200,14.751800,
baseline,2,4,perf-baseline-r002-20260818T022744Z,loan_to_customer,1,90,200,14.225700,
baseline,2,4,perf-baseline-r002-20260818T022744Z,loan_to_customer,1,91,200,14.557700,
baseline,2,4,perf-baseline-r002-20260818T022744Z,loan_to_customer,1,92,200,13.860500,
baseline,2,4,perf-baseline-r002-20260818T022744Z,loan_to_customer,1,93,200,15.078500,
baseline,2,4,perf-baseline-r002-20260818T022744Z,loan_to_customer,1,94,200,14.675900,
baseline,2,4,perf-baseline-r002-20260818T022744Z,loan_to_customer,1,95,200,24.098700,
baseline,2,4,perf-baseline-r002-20260818T022744Z,loan_to_customer,1,96,200,14.369200,
baseline,2,4,perf-baseline-r002-20260818T022744Z,loan_to_customer,1,97,200,14.074400,
baseline,2,4,perf-baseline-r002-20260818T022744Z,loan_to_customer,1,98,200,13.989100,
baseline,2,4,perf-baseline-r002-20260818T022744Z,loan_to_customer,1,99,200,14.906200,
baseline,2,4,perf-baseline-r002-20260818T022744Z,loan_to_customer,1,100,200,13.752500,
baseline,2,4,perf-baseline-r002-20260818T022744Z,loan_to_customer,1,101,200,14.311200,
baseline,2,4,perf-baseline-r002-20260818T022744Z,loan_to_customer,1,102,200,14.256800,
baseline,2,4,perf-baseline-r002-20260818T022744Z,loan_to_customer,1,103,200,14.728700,
baseline,2,4,perf-baseline-r002-20260818T022744Z,loan_to_customer,1,104,200,13.995200,
baseline,2,4,perf-baseline-r002-20260818T022744Z,loan_to_customer,1,105,200,14.795900,
baseline,2,4,perf-baseline-r002-20260818T022744Z,loan_to_customer,1,106,200,14.542500,
baseline,2,4,perf-baseline-r002-20260818T022744Z,loan_to_customer,1,107,200,14.325600,
baseline,2,4,perf-baseline-r002-20260818T022744Z,loan_to_customer,1,108,200,13.915400,
baseline,2,4,perf-baseline-r002-20260818T022744Z,loan_to_customer,1,109,200,14.881700,
baseline,2,4,perf-baseline-r002-20260818T022744Z,loan_to_customer,1,110,200,16.273100,
baseline,2,4,perf-baseline-r002-20260818T022744Z,loan_to_customer,1,111,200,15.689000,
baseline,2,4,perf-baseline-r002-20260818T022744Z,loan_to_customer,1,112,200,15.474600,
baseline,2,4,perf-baseline-r002-20260818T022744Z,loan_to_customer,1,113,200,15.149500,
baseline,2,4,perf-baseline-r002-20260818T022744Z,loan_to_customer,1,114,200,15.054500,
baseline,2,4,perf-baseline-r002-20260818T022744Z,loan_to_customer,1,115,200,14.999000,
baseline,2,4,perf-baseline-r002-20260818T022744Z,loan_to_customer,1,116,200,14.381300,
baseline,2,4,perf-baseline-r002-20260818T022744Z,loan_to_customer,1,117,200,14.644000,
baseline,2,4,perf-baseline-r002-20260818T022744Z,loan_to_customer,1,118,200,14.652600,
baseline,2,4,perf-baseline-r002-20260818T022744Z,loan_to_customer,1,119,200,14.372800,
baseline,2,4,perf-baseline-r002-20260818T022744Z,loan_to_customer,1,120,200,14.247100,
baseline,2,4,perf-baseline-r002-20260818T022744Z,loan_to_customer,1,121,200,14.623200,
baseline,2,4,perf-baseline-r002-20260818T022744Z,loan_to_customer,1,122,200,14.696800,
baseline,2,4,perf-baseline-r002-20260818T022744Z,loan_to_customer,1,123,200,14.401200,
baseline,2,4,perf-baseline-r002-20260818T022744Z,loan_to_customer,1,124,200,14.591200,
baseline,2,4,perf-baseline-r002-20260818T022744Z,loan_to_customer,1,125,200,14.682100,
baseline,2,4,perf-baseline-r002-20260818T022744Z,loan_to_customer,1,126,200,15.370200,
baseline,2,4,perf-baseline-r002-20260818T022744Z,loan_to_customer,1,127,200,14.580600,
baseline,2,4,perf-baseline-r002-20260818T022744Z,loan_to_customer,1,128,200,14.716900,
baseline,2,4,perf-baseline-r002-20260818T022744Z,loan_to_customer,1,129,200,14.020000,
baseline,2,4,perf-baseline-r002-20260818T022744Z,loan_to_customer,1,130,200,14.171300,
baseline,2,4,perf-baseline-r002-20260818T022744Z,loan_to_customer,1,131,200,13.921300,
baseline,2,4,perf-baseline-r002-20260818T022744Z,loan_to_customer,1,132,200,15.005600,
baseline,2,4,perf-baseline-r002-20260818T022744Z,loan_to_customer,1,133,200,14.401700,
baseline,2,4,perf-baseline-r002-20260818T022744Z,loan_to_customer,1,134,200,13.915200,
baseline,2,4,perf-baseline-r002-20260818T022744Z,loan_to_customer,1,135,200,13.928900,
baseline,2,4,perf-baseline-r002-20260818T022744Z,loan_to_customer,1,136,200,13.575400,
baseline,2,4,perf-baseline-r002-20260818T022744Z,loan_to_customer,1,137,200,14.547800,
baseline,2,4,perf-baseline-r002-20260818T022744Z,loan_to_customer,1,138,200,13.782300,
baseline,2,4,perf-baseline-r002-20260818T022744Z,loan_to_customer,1,139,200,13.670000,
baseline,2,4,perf-baseline-r002-20260818T022744Z,loan_to_customer,1,140,200,14.007600,
baseline,2,4,perf-baseline-r002-20260818T022744Z,loan_to_customer,1,141,200,14.418600,
baseline,2,4,perf-baseline-r002-20260818T022744Z,loan_to_customer,1,142,200,14.790800,
baseline,2,4,perf-baseline-r002-20260818T022744Z,loan_to_customer,1,143,200,14.477700,
baseline,2,4,perf-baseline-r002-20260818T022744Z,loan_to_customer,1,144,200,14.995100,
baseline,2,4,perf-baseline-r002-20260818T022744Z,loan_to_customer,1,145,200,14.484300,
baseline,2,4,perf-baseline-r002-20260818T022744Z,loan_to_customer,1,146,200,14.463400,
baseline,2,4,perf-baseline-r002-20260818T022744Z,loan_to_customer,1,147,200,14.360500,
baseline,2,4,perf-baseline-r002-20260818T022744Z,loan_to_customer,1,148,200,14.867000,
baseline,2,4,perf-baseline-r002-20260818T022744Z,loan_to_customer,1,149,200,14.560700,
baseline,2,4,perf-baseline-r002-20260818T022744Z,loan_to_customer,1,150,200,15.183200,
baseline,2,4,perf-baseline-r002-20260818T022744Z,loan_to_customer,1,151,200,14.316900,
baseline,2,4,perf-baseline-r002-20260818T022744Z,loan_to_customer,1,152,200,14.829500,
baseline,2,4,perf-baseline-r002-20260818T022744Z,loan_to_customer,1,153,200,14.780800,
baseline,2,4,perf-baseline-r002-20260818T022744Z,loan_to_customer,1,154,200,14.506300,
baseline,2,4,perf-baseline-r002-20260818T022744Z,loan_to_customer,1,155,200,13.982800,
baseline,2,4,perf-baseline-r002-20260818T022744Z,loan_to_customer,1,156,200,14.455900,
baseline,2,4,perf-baseline-r002-20260818T022744Z,loan_to_customer,1,157,200,14.327400,
baseline,2,4,perf-baseline-r002-20260818T022744Z,loan_to_customer,1,158,200,14.826200,
baseline,2,4,perf-baseline-r002-20260818T022744Z,loan_to_customer,1,159,200,14.339900,
baseline,2,4,perf-baseline-r002-20260818T022744Z,loan_to_customer,1,160,200,15.249400,
baseline,2,4,perf-baseline-r002-20260818T022744Z,loan_to_customer,1,161,200,17.418200,
baseline,2,4,perf-baseline-r002-20260818T022744Z,loan_to_customer,1,162,200,17.057000,
baseline,2,4,perf-baseline-r002-20260818T022744Z,loan_to_customer,1,163,200,15.179800,
baseline,2,4,perf-baseline-r002-20260818T022744Z,loan_to_customer,1,164,200,15.498800,
baseline,2,4,perf-baseline-r002-20260818T022744Z,loan_to_customer,1,165,200,15.074200,
baseline,2,4,perf-baseline-r002-20260818T022744Z,loan_to_customer,1,166,200,14.779900,
baseline,2,4,perf-baseline-r002-20260818T022744Z,loan_to_customer,1,167,200,14.763000,
baseline,2,4,perf-baseline-r002-20260818T022744Z,loan_to_customer,1,168,200,14.134000,
baseline,2,4,perf-baseline-r002-20260818T022744Z,loan_to_customer,1,169,200,14.252200,
baseline,2,4,perf-baseline-r002-20260818T022744Z,loan_to_customer,1,170,200,14.511900,
baseline,2,4,perf-baseline-r002-20260818T022744Z,loan_to_customer,1,171,200,14.447900,
baseline,2,4,perf-baseline-r002-20260818T022744Z,loan_to_customer,1,172,200,14.529900,
baseline,2,4,perf-baseline-r002-20260818T022744Z,loan_to_customer,1,173,200,14.303500,
baseline,2,4,perf-baseline-r002-20260818T022744Z,loan_to_customer,1,174,200,14.641500,
baseline,2,4,perf-baseline-r002-20260818T022744Z,loan_to_customer,1,175,200,14.173300,
baseline,2,4,perf-baseline-r002-20260818T022744Z,loan_to_customer,1,176,200,13.644600,
baseline,2,4,perf-baseline-r002-20260818T022744Z,loan_to_customer,1,177,200,14.535500,
baseline,2,4,perf-baseline-r002-20260818T022744Z,loan_to_customer,1,178,200,14.488000,
baseline,2,4,perf-baseline-r002-20260818T022744Z,loan_to_customer,1,179,200,14.123900,
baseline,2,4,perf-baseline-r002-20260818T022744Z,loan_to_customer,1,180,200,14.220000,
baseline,2,4,perf-baseline-r002-20260818T022744Z,loan_to_customer,1,181,200,14.673500,
baseline,2,4,perf-baseline-r002-20260818T022744Z,loan_to_customer,1,182,200,14.164500,
baseline,2,4,perf-baseline-r002-20260818T022744Z,loan_to_customer,1,183,200,13.864400,
baseline,2,4,perf-baseline-r002-20260818T022744Z,loan_to_customer,1,184,200,15.255900,
baseline,2,4,perf-baseline-r002-20260818T022744Z,loan_to_customer,1,185,200,14.719900,
baseline,2,4,perf-baseline-r002-20260818T022744Z,loan_to_customer,1,186,200,14.669100,
baseline,2,4,perf-baseline-r002-20260818T022744Z,loan_to_customer,1,187,200,14.378600,
baseline,2,4,perf-baseline-r002-20260818T022744Z,loan_to_customer,1,188,200,15.716600,
baseline,2,4,perf-baseline-r002-20260818T022744Z,loan_to_customer,1,189,200,15.311600,
baseline,2,4,perf-baseline-r002-20260818T022744Z,loan_to_customer,1,190,200,14.984100,
baseline,2,4,perf-baseline-r002-20260818T022744Z,loan_to_customer,1,191,200,15.357300,
baseline,2,4,perf-baseline-r002-20260818T022744Z,loan_to_customer,1,192,200,15.541400,
baseline,2,4,perf-baseline-r002-20260818T022744Z,loan_to_customer,1,193,200,15.339400,
baseline,2,4,perf-baseline-r002-20260818T022744Z,loan_to_customer,1,194,200,15.874300,
baseline,2,4,perf-baseline-r002-20260818T022744Z,loan_to_customer,1,195,200,15.330200,
baseline,2,4,perf-baseline-r002-20260818T022744Z,loan_to_customer,1,196,200,15.879000,
baseline,2,4,perf-baseline-r002-20260818T022744Z,loan_to_customer,1,197,200,15.520100,
baseline,2,4,perf-baseline-r002-20260818T022744Z,loan_to_customer,1,198,200,14.694900,
baseline,2,4,perf-baseline-r002-20260818T022744Z,loan_to_customer,1,199,200,15.049600,
baseline,2,4,perf-baseline-r002-20260818T022744Z,loan_to_customer,1,200,200,16.735000,
baseline,2,4,perf-baseline-r002-20260818T022744Z,loan_to_customer,2,1,200,15.152500,
baseline,2,4,perf-baseline-r002-20260818T022744Z,loan_to_customer,2,2,200,14.795900,
baseline,2,4,perf-baseline-r002-20260818T022744Z,loan_to_customer,2,3,200,15.444500,
baseline,2,4,perf-baseline-r002-20260818T022744Z,loan_to_customer,2,4,200,15.331200,
baseline,2,4,perf-baseline-r002-20260818T022744Z,loan_to_customer,2,5,200,15.179400,
baseline,2,4,perf-baseline-r002-20260818T022744Z,loan_to_customer,2,6,200,14.433100,
baseline,2,4,perf-baseline-r002-20260818T022744Z,loan_to_customer,2,7,200,15.560900,
baseline,2,4,perf-baseline-r002-20260818T022744Z,loan_to_customer,2,8,200,14.550200,
baseline,2,4,perf-baseline-r002-20260818T022744Z,loan_to_customer,2,9,200,14.525000,
baseline,2,4,perf-baseline-r002-20260818T022744Z,loan_to_customer,2,10,200,14.698600,
baseline,2,4,perf-baseline-r002-20260818T022744Z,loan_to_customer,2,11,200,15.089500,
baseline,2,4,perf-baseline-r002-20260818T022744Z,loan_to_customer,2,12,200,15.513800,
baseline,2,4,perf-baseline-r002-20260818T022744Z,loan_to_customer,2,13,200,14.324400,
baseline,2,4,perf-baseline-r002-20260818T022744Z,loan_to_customer,2,14,200,14.922900,
baseline,2,4,perf-baseline-r002-20260818T022744Z,loan_to_customer,2,15,200,15.621900,
baseline,2,4,perf-baseline-r002-20260818T022744Z,loan_to_customer,2,16,200,16.688900,
baseline,2,4,perf-baseline-r002-20260818T022744Z,loan_to_customer,2,17,200,16.113400,
baseline,2,4,perf-baseline-r002-20260818T022744Z,loan_to_customer,2,18,200,16.676200,
baseline,2,4,perf-baseline-r002-20260818T022744Z,loan_to_customer,2,19,200,16.752700,
baseline,2,4,perf-baseline-r002-20260818T022744Z,loan_to_customer,2,20,200,19.089000,
baseline,2,4,perf-baseline-r002-20260818T022744Z,loan_to_customer,2,21,200,18.280400,
baseline,2,4,perf-baseline-r002-20260818T022744Z,loan_to_customer,2,22,200,17.985000,
baseline,2,4,perf-baseline-r002-20260818T022744Z,loan_to_customer,2,23,200,17.880300,
baseline,2,4,perf-baseline-r002-20260818T022744Z,loan_to_customer,2,24,200,15.055300,
baseline,2,4,perf-baseline-r002-20260818T022744Z,loan_to_customer,2,25,200,15.108700,
baseline,2,4,perf-baseline-r002-20260818T022744Z,loan_to_customer,2,26,200,14.986700,
baseline,2,4,perf-baseline-r002-20260818T022744Z,loan_to_customer,2,27,200,18.457900,
baseline,2,4,perf-baseline-r002-20260818T022744Z,loan_to_customer,2,28,200,16.533800,
baseline,2,4,perf-baseline-r002-20260818T022744Z,loan_to_customer,2,29,200,16.333900,
baseline,2,4,perf-baseline-r002-20260818T022744Z,loan_to_customer,2,30,200,15.215400,
baseline,2,4,perf-baseline-r002-20260818T022744Z,loan_to_customer,2,31,200,15.543200,
baseline,2,4,perf-baseline-r002-20260818T022744Z,loan_to_customer,2,32,200,17.527200,
baseline,2,4,perf-baseline-r002-20260818T022744Z,loan_to_customer,2,33,200,15.073500,
baseline,2,4,perf-baseline-r002-20260818T022744Z,loan_to_customer,2,34,200,15.463600,
baseline,2,4,perf-baseline-r002-20260818T022744Z,loan_to_customer,2,35,200,13.854700,
baseline,2,4,perf-baseline-r002-20260818T022744Z,loan_to_customer,2,36,200,14.806400,
baseline,2,4,perf-baseline-r002-20260818T022744Z,loan_to_customer,2,37,200,15.492000,
baseline,2,4,perf-baseline-r002-20260818T022744Z,loan_to_customer,2,38,200,15.256600,
baseline,2,4,perf-baseline-r002-20260818T022744Z,loan_to_customer,2,39,200,16.070400,
baseline,2,4,perf-baseline-r002-20260818T022744Z,loan_to_customer,2,40,200,15.663400,
baseline,2,4,perf-baseline-r002-20260818T022744Z,loan_to_customer,2,41,200,14.754800,
baseline,2,4,perf-baseline-r002-20260818T022744Z,loan_to_customer,2,42,200,15.338600,
baseline,2,4,perf-baseline-r002-20260818T022744Z,loan_to_customer,2,43,200,14.841100,
baseline,2,4,perf-baseline-r002-20260818T022744Z,loan_to_customer,2,44,200,15.332300,
baseline,2,4,perf-baseline-r002-20260818T022744Z,loan_to_customer,2,45,200,15.026200,
baseline,2,4,perf-baseline-r002-20260818T022744Z,loan_to_customer,2,46,200,15.027900,
baseline,2,4,perf-baseline-r002-20260818T022744Z,loan_to_customer,2,47,200,14.928400,
baseline,2,4,perf-baseline-r002-20260818T022744Z,loan_to_customer,2,48,200,15.992400,
baseline,2,4,perf-baseline-r002-20260818T022744Z,loan_to_customer,2,49,200,15.488700,
baseline,2,4,perf-baseline-r002-20260818T022744Z,loan_to_customer,2,50,200,16.166100,
baseline,2,4,perf-baseline-r002-20260818T022744Z,loan_to_customer,2,51,200,15.386500,
baseline,2,4,perf-baseline-r002-20260818T022744Z,loan_to_customer,2,52,200,15.922000,
baseline,2,4,perf-baseline-r002-20260818T022744Z,loan_to_customer,2,53,200,16.364600,
baseline,2,4,perf-baseline-r002-20260818T022744Z,loan_to_customer,2,54,200,15.444400,
baseline,2,4,perf-baseline-r002-20260818T022744Z,loan_to_customer,2,55,200,16.580400,
baseline,2,4,perf-baseline-r002-20260818T022744Z,loan_to_customer,2,56,200,15.281400,
baseline,2,4,perf-baseline-r002-20260818T022744Z,loan_to_customer,2,57,200,16.543600,
baseline,2,4,perf-baseline-r002-20260818T022744Z,loan_to_customer,2,58,200,17.127100,
baseline,2,4,perf-baseline-r002-20260818T022744Z,loan_to_customer,2,59,200,18.294600,
baseline,2,4,perf-baseline-r002-20260818T022744Z,loan_to_customer,2,60,200,15.974400,
baseline,2,4,perf-baseline-r002-20260818T022744Z,loan_to_customer,2,61,200,16.302000,
baseline,2,4,perf-baseline-r002-20260818T022744Z,loan_to_customer,2,62,200,15.873600,
baseline,2,4,perf-baseline-r002-20260818T022744Z,loan_to_customer,2,63,200,17.019700,
baseline,2,4,perf-baseline-r002-20260818T022744Z,loan_to_customer,2,64,200,17.326700,
baseline,2,4,perf-baseline-r002-20260818T022744Z,loan_to_customer,2,65,200,17.377900,
baseline,2,4,perf-baseline-r002-20260818T022744Z,loan_to_customer,2,66,200,16.251500,
baseline,2,4,perf-baseline-r002-20260818T022744Z,loan_to_customer,2,67,200,19.474900,
baseline,2,4,perf-baseline-r002-20260818T022744Z,loan_to_customer,2,68,200,15.748100,
baseline,2,4,perf-baseline-r002-20260818T022744Z,loan_to_customer,2,69,200,15.575400,
baseline,2,4,perf-baseline-r002-20260818T022744Z,loan_to_customer,2,70,200,16.088100,
baseline,2,4,perf-baseline-r002-20260818T022744Z,loan_to_customer,2,71,200,15.540100,
baseline,2,4,perf-baseline-r002-20260818T022744Z,loan_to_customer,2,72,200,15.672900,
baseline,2,4,perf-baseline-r002-20260818T022744Z,loan_to_customer,2,73,200,15.707100,
baseline,2,4,perf-baseline-r002-20260818T022744Z,loan_to_customer,2,74,200,15.804700,
baseline,2,4,perf-baseline-r002-20260818T022744Z,loan_to_customer,2,75,200,15.712400,
baseline,2,4,perf-baseline-r002-20260818T022744Z,loan_to_customer,2,76,200,15.655500,
baseline,2,4,perf-baseline-r002-20260818T022744Z,loan_to_customer,2,77,200,15.963200,
baseline,2,4,perf-baseline-r002-20260818T022744Z,loan_to_customer,2,78,200,15.588000,
baseline,2,4,perf-baseline-r002-20260818T022744Z,loan_to_customer,2,79,200,15.637300,
baseline,2,4,perf-baseline-r002-20260818T022744Z,loan_to_customer,2,80,200,14.822300,
baseline,2,4,perf-baseline-r002-20260818T022744Z,loan_to_customer,2,81,200,15.717600,
baseline,2,4,perf-baseline-r002-20260818T022744Z,loan_to_customer,2,82,200,15.880700,
baseline,2,4,perf-baseline-r002-20260818T022744Z,loan_to_customer,2,83,200,15.892600,
baseline,2,4,perf-baseline-r002-20260818T022744Z,loan_to_customer,2,84,200,15.983500,
baseline,2,4,perf-baseline-r002-20260818T022744Z,loan_to_customer,2,85,200,15.542100,
baseline,2,4,perf-baseline-r002-20260818T022744Z,loan_to_customer,2,86,200,17.130800,
baseline,2,4,perf-baseline-r002-20260818T022744Z,loan_to_customer,2,87,200,16.994500,
baseline,2,4,perf-baseline-r002-20260818T022744Z,loan_to_customer,2,88,200,16.630600,
baseline,2,4,perf-baseline-r002-20260818T022744Z,loan_to_customer,2,89,200,16.123200,
baseline,2,4,perf-baseline-r002-20260818T022744Z,loan_to_customer,2,90,200,16.511600,
baseline,2,4,perf-baseline-r002-20260818T022744Z,loan_to_customer,2,91,200,15.599000,
baseline,2,4,perf-baseline-r002-20260818T022744Z,loan_to_customer,2,92,200,16.451800,
baseline,2,4,perf-baseline-r002-20260818T022744Z,loan_to_customer,2,93,200,16.807600,
baseline,2,4,perf-baseline-r002-20260818T022744Z,loan_to_customer,2,94,200,16.239200,
baseline,2,4,perf-baseline-r002-20260818T022744Z,loan_to_customer,2,95,200,16.496300,
baseline,2,4,perf-baseline-r002-20260818T022744Z,loan_to_customer,2,96,200,15.746900,
baseline,2,4,perf-baseline-r002-20260818T022744Z,loan_to_customer,2,97,200,15.145300,
baseline,2,4,perf-baseline-r002-20260818T022744Z,loan_to_customer,2,98,200,15.811000,
baseline,2,4,perf-baseline-r002-20260818T022744Z,loan_to_customer,2,99,200,15.144000,
baseline,2,4,perf-baseline-r002-20260818T022744Z,loan_to_customer,2,100,200,14.788700,
baseline,2,4,perf-baseline-r002-20260818T022744Z,loan_to_customer,2,101,200,14.127300,
baseline,2,4,perf-baseline-r002-20260818T022744Z,loan_to_customer,2,102,200,14.562900,
baseline,2,4,perf-baseline-r002-20260818T022744Z,loan_to_customer,2,103,200,14.449000,
baseline,2,4,perf-baseline-r002-20260818T022744Z,loan_to_customer,2,104,200,14.614800,
baseline,2,4,perf-baseline-r002-20260818T022744Z,loan_to_customer,2,105,200,14.435200,
baseline,2,4,perf-baseline-r002-20260818T022744Z,loan_to_customer,2,106,200,15.068800,
baseline,2,4,perf-baseline-r002-20260818T022744Z,loan_to_customer,2,107,200,14.983900,
baseline,2,4,perf-baseline-r002-20260818T022744Z,loan_to_customer,2,108,200,14.677600,
baseline,2,4,perf-baseline-r002-20260818T022744Z,loan_to_customer,2,109,200,14.181800,
baseline,2,4,perf-baseline-r002-20260818T022744Z,loan_to_customer,2,110,200,14.658100,
baseline,2,4,perf-baseline-r002-20260818T022744Z,loan_to_customer,2,111,200,15.219300,
baseline,2,4,perf-baseline-r002-20260818T022744Z,loan_to_customer,2,112,200,14.867400,
baseline,2,4,perf-baseline-r002-20260818T022744Z,loan_to_customer,2,113,200,14.888200,
baseline,2,4,perf-baseline-r002-20260818T022744Z,loan_to_customer,2,114,200,14.088500,
baseline,2,4,perf-baseline-r002-20260818T022744Z,loan_to_customer,2,115,200,14.301100,
baseline,2,4,perf-baseline-r002-20260818T022744Z,loan_to_customer,2,116,200,14.554800,
baseline,2,4,perf-baseline-r002-20260818T022744Z,loan_to_customer,2,117,200,14.192200,
baseline,2,4,perf-baseline-r002-20260818T022744Z,loan_to_customer,2,118,200,13.992100,
baseline,2,4,perf-baseline-r002-20260818T022744Z,loan_to_customer,2,119,200,14.307600,
baseline,2,4,perf-baseline-r002-20260818T022744Z,loan_to_customer,2,120,200,14.295600,
baseline,2,4,perf-baseline-r002-20260818T022744Z,loan_to_customer,2,121,200,14.427700,
baseline,2,4,perf-baseline-r002-20260818T022744Z,loan_to_customer,2,122,200,14.588400,
baseline,2,4,perf-baseline-r002-20260818T022744Z,loan_to_customer,2,123,200,14.705500,
baseline,2,4,perf-baseline-r002-20260818T022744Z,loan_to_customer,2,124,200,15.397200,
baseline,2,4,perf-baseline-r002-20260818T022744Z,loan_to_customer,2,125,200,14.497700,
baseline,2,4,perf-baseline-r002-20260818T022744Z,loan_to_customer,2,126,200,15.406300,
baseline,2,4,perf-baseline-r002-20260818T022744Z,loan_to_customer,2,127,200,14.839300,
baseline,2,4,perf-baseline-r002-20260818T022744Z,loan_to_customer,2,128,200,14.662800,
baseline,2,4,perf-baseline-r002-20260818T022744Z,loan_to_customer,2,129,200,14.498900,
baseline,2,4,perf-baseline-r002-20260818T022744Z,loan_to_customer,2,130,200,14.495500,
baseline,2,4,perf-baseline-r002-20260818T022744Z,loan_to_customer,2,131,200,14.718100,
baseline,2,4,perf-baseline-r002-20260818T022744Z,loan_to_customer,2,132,200,15.062400,
baseline,2,4,perf-baseline-r002-20260818T022744Z,loan_to_customer,2,133,200,14.782000,
baseline,2,4,perf-baseline-r002-20260818T022744Z,loan_to_customer,2,134,200,13.918000,
baseline,2,4,perf-baseline-r002-20260818T022744Z,loan_to_customer,2,135,200,14.025800,
baseline,2,4,perf-baseline-r002-20260818T022744Z,loan_to_customer,2,136,200,14.436500,
baseline,2,4,perf-baseline-r002-20260818T022744Z,loan_to_customer,2,137,200,14.826600,
baseline,2,4,perf-baseline-r002-20260818T022744Z,loan_to_customer,2,138,200,13.922200,
baseline,2,4,perf-baseline-r002-20260818T022744Z,loan_to_customer,2,139,200,14.473100,
baseline,2,4,perf-baseline-r002-20260818T022744Z,loan_to_customer,2,140,200,14.147100,
baseline,2,4,perf-baseline-r002-20260818T022744Z,loan_to_customer,2,141,200,14.773800,
baseline,2,4,perf-baseline-r002-20260818T022744Z,loan_to_customer,2,142,200,14.060500,
baseline,2,4,perf-baseline-r002-20260818T022744Z,loan_to_customer,2,143,200,14.351700,
baseline,2,4,perf-baseline-r002-20260818T022744Z,loan_to_customer,2,144,200,14.274600,
baseline,2,4,perf-baseline-r002-20260818T022744Z,loan_to_customer,2,145,200,13.962500,
baseline,2,4,perf-baseline-r002-20260818T022744Z,loan_to_customer,2,146,200,13.954700,
baseline,2,4,perf-baseline-r002-20260818T022744Z,loan_to_customer,2,147,200,14.228000,
baseline,2,4,perf-baseline-r002-20260818T022744Z,loan_to_customer,2,148,200,14.691800,
baseline,2,4,perf-baseline-r002-20260818T022744Z,loan_to_customer,2,149,200,14.049500,
baseline,2,4,perf-baseline-r002-20260818T022744Z,loan_to_customer,2,150,200,13.624300,
baseline,2,4,perf-baseline-r002-20260818T022744Z,loan_to_customer,2,151,200,14.495000,
baseline,2,4,perf-baseline-r002-20260818T022744Z,loan_to_customer,2,152,200,14.639200,
baseline,2,4,perf-baseline-r002-20260818T022744Z,loan_to_customer,2,153,200,14.291800,
baseline,2,4,perf-baseline-r002-20260818T022744Z,loan_to_customer,2,154,200,15.693700,
baseline,2,4,perf-baseline-r002-20260818T022744Z,loan_to_customer,2,155,200,18.096300,
baseline,2,4,perf-baseline-r002-20260818T022744Z,loan_to_customer,2,156,200,15.700000,
baseline,2,4,perf-baseline-r002-20260818T022744Z,loan_to_customer,2,157,200,16.340200,
baseline,2,4,perf-baseline-r002-20260818T022744Z,loan_to_customer,2,158,200,15.621000,
baseline,2,4,perf-baseline-r002-20260818T022744Z,loan_to_customer,2,159,200,15.070600,
baseline,2,4,perf-baseline-r002-20260818T022744Z,loan_to_customer,2,160,200,14.356600,
baseline,2,4,perf-baseline-r002-20260818T022744Z,loan_to_customer,2,161,200,14.044100,
baseline,2,4,perf-baseline-r002-20260818T022744Z,loan_to_customer,2,162,200,13.951500,
baseline,2,4,perf-baseline-r002-20260818T022744Z,loan_to_customer,2,163,200,14.783000,
baseline,2,4,perf-baseline-r002-20260818T022744Z,loan_to_customer,2,164,200,14.409100,
baseline,2,4,perf-baseline-r002-20260818T022744Z,loan_to_customer,2,165,200,14.053200,
baseline,2,4,perf-baseline-r002-20260818T022744Z,loan_to_customer,2,166,200,14.648500,
baseline,2,4,perf-baseline-r002-20260818T022744Z,loan_to_customer,2,167,200,15.048200,
baseline,2,4,perf-baseline-r002-20260818T022744Z,loan_to_customer,2,168,200,15.288100,
baseline,2,4,perf-baseline-r002-20260818T022744Z,loan_to_customer,2,169,200,16.070400,
baseline,2,4,perf-baseline-r002-20260818T022744Z,loan_to_customer,2,170,200,15.645700,
baseline,2,4,perf-baseline-r002-20260818T022744Z,loan_to_customer,2,171,200,14.673900,
baseline,2,4,perf-baseline-r002-20260818T022744Z,loan_to_customer,2,172,200,14.210700,
baseline,2,4,perf-baseline-r002-20260818T022744Z,loan_to_customer,2,173,200,14.204900,
baseline,2,4,perf-baseline-r002-20260818T022744Z,loan_to_customer,2,174,200,14.521400,
baseline,2,4,perf-baseline-r002-20260818T022744Z,loan_to_customer,2,175,200,14.245300,
baseline,2,4,perf-baseline-r002-20260818T022744Z,loan_to_customer,2,176,200,15.490400,
baseline,2,4,perf-baseline-r002-20260818T022744Z,loan_to_customer,2,177,200,14.371000,
baseline,2,4,perf-baseline-r002-20260818T022744Z,loan_to_customer,2,178,200,14.469100,
baseline,2,4,perf-baseline-r002-20260818T022744Z,loan_to_customer,2,179,200,14.118700,
baseline,2,4,perf-baseline-r002-20260818T022744Z,loan_to_customer,2,180,200,14.266500,
baseline,2,4,perf-baseline-r002-20260818T022744Z,loan_to_customer,2,181,200,14.120500,
baseline,2,4,perf-baseline-r002-20260818T022744Z,loan_to_customer,2,182,200,14.133700,
baseline,2,4,perf-baseline-r002-20260818T022744Z,loan_to_customer,2,183,200,14.279400,
baseline,2,4,perf-baseline-r002-20260818T022744Z,loan_to_customer,2,184,200,14.496800,
baseline,2,4,perf-baseline-r002-20260818T022744Z,loan_to_customer,2,185,200,14.025600,
baseline,2,4,perf-baseline-r002-20260818T022744Z,loan_to_customer,2,186,200,15.210100,
baseline,2,4,perf-baseline-r002-20260818T022744Z,loan_to_customer,2,187,200,14.790400,
baseline,2,4,perf-baseline-r002-20260818T022744Z,loan_to_customer,2,188,200,14.903100,
baseline,2,4,perf-baseline-r002-20260818T022744Z,loan_to_customer,2,189,200,14.832400,
baseline,2,4,perf-baseline-r002-20260818T022744Z,loan_to_customer,2,190,200,15.325600,
baseline,2,4,perf-baseline-r002-20260818T022744Z,loan_to_customer,2,191,200,15.735800,
baseline,2,4,perf-baseline-r002-20260818T022744Z,loan_to_customer,2,192,200,14.950800,
baseline,2,4,perf-baseline-r002-20260818T022744Z,loan_to_customer,2,193,200,14.949400,
baseline,2,4,perf-baseline-r002-20260818T022744Z,loan_to_customer,2,194,200,17.018500,
baseline,2,4,perf-baseline-r002-20260818T022744Z,loan_to_customer,2,195,200,14.012700,
baseline,2,4,perf-baseline-r002-20260818T022744Z,loan_to_customer,2,196,200,14.800800,
baseline,2,4,perf-baseline-r002-20260818T022744Z,loan_to_customer,2,197,200,14.122300,
baseline,2,4,perf-baseline-r002-20260818T022744Z,loan_to_customer,2,198,200,14.818500,
baseline,2,4,perf-baseline-r002-20260818T022744Z,loan_to_customer,2,199,200,14.591900,
baseline,2,4,perf-baseline-r002-20260818T022744Z,loan_to_customer,2,200,200,14.095700,
baseline,2,4,perf-baseline-r002-20260818T022744Z,loan_to_customer,3,1,200,14.268900,
baseline,2,4,perf-baseline-r002-20260818T022744Z,loan_to_customer,3,2,200,15.227800,
baseline,2,4,perf-baseline-r002-20260818T022744Z,loan_to_customer,3,3,200,14.345600,
baseline,2,4,perf-baseline-r002-20260818T022744Z,loan_to_customer,3,4,200,13.837000,
baseline,2,4,perf-baseline-r002-20260818T022744Z,loan_to_customer,3,5,200,14.703200,
baseline,2,4,perf-baseline-r002-20260818T022744Z,loan_to_customer,3,6,200,14.001800,
baseline,2,4,perf-baseline-r002-20260818T022744Z,loan_to_customer,3,7,200,14.156000,
baseline,2,4,perf-baseline-r002-20260818T022744Z,loan_to_customer,3,8,200,14.534900,
baseline,2,4,perf-baseline-r002-20260818T022744Z,loan_to_customer,3,9,200,14.338600,
baseline,2,4,perf-baseline-r002-20260818T022744Z,loan_to_customer,3,10,200,13.992700,
baseline,2,4,perf-baseline-r002-20260818T022744Z,loan_to_customer,3,11,200,14.399700,
baseline,2,4,perf-baseline-r002-20260818T022744Z,loan_to_customer,3,12,200,14.182100,
baseline,2,4,perf-baseline-r002-20260818T022744Z,loan_to_customer,3,13,200,13.562100,
baseline,2,4,perf-baseline-r002-20260818T022744Z,loan_to_customer,3,14,200,14.052000,
baseline,2,4,perf-baseline-r002-20260818T022744Z,loan_to_customer,3,15,200,14.476400,
baseline,2,4,perf-baseline-r002-20260818T022744Z,loan_to_customer,3,16,200,14.199200,
baseline,2,4,perf-baseline-r002-20260818T022744Z,loan_to_customer,3,17,200,14.085100,
baseline,2,4,perf-baseline-r002-20260818T022744Z,loan_to_customer,3,18,200,14.079200,
baseline,2,4,perf-baseline-r002-20260818T022744Z,loan_to_customer,3,19,200,14.275800,
baseline,2,4,perf-baseline-r002-20260818T022744Z,loan_to_customer,3,20,200,14.923800,
baseline,2,4,perf-baseline-r002-20260818T022744Z,loan_to_customer,3,21,200,14.746400,
baseline,2,4,perf-baseline-r002-20260818T022744Z,loan_to_customer,3,22,200,14.677800,
baseline,2,4,perf-baseline-r002-20260818T022744Z,loan_to_customer,3,23,200,14.505100,
baseline,2,4,perf-baseline-r002-20260818T022744Z,loan_to_customer,3,24,200,14.349700,
baseline,2,4,perf-baseline-r002-20260818T022744Z,loan_to_customer,3,25,200,14.527800,
baseline,2,4,perf-baseline-r002-20260818T022744Z,loan_to_customer,3,26,200,14.044700,
baseline,2,4,perf-baseline-r002-20260818T022744Z,loan_to_customer,3,27,200,15.178100,
baseline,2,4,perf-baseline-r002-20260818T022744Z,loan_to_customer,3,28,200,14.321100,
baseline,2,4,perf-baseline-r002-20260818T022744Z,loan_to_customer,3,29,200,14.830700,
baseline,2,4,perf-baseline-r002-20260818T022744Z,loan_to_customer,3,30,200,14.613500,
baseline,2,4,perf-baseline-r002-20260818T022744Z,loan_to_customer,3,31,200,14.374200,
baseline,2,4,perf-baseline-r002-20260818T022744Z,loan_to_customer,3,32,200,13.998600,
baseline,2,4,perf-baseline-r002-20260818T022744Z,loan_to_customer,3,33,200,14.358000,
baseline,2,4,perf-baseline-r002-20260818T022744Z,loan_to_customer,3,34,200,14.510500,
baseline,2,4,perf-baseline-r002-20260818T022744Z,loan_to_customer,3,35,200,14.415300,
baseline,2,4,perf-baseline-r002-20260818T022744Z,loan_to_customer,3,36,200,14.762700,
baseline,2,4,perf-baseline-r002-20260818T022744Z,loan_to_customer,3,37,200,14.650400,
baseline,2,4,perf-baseline-r002-20260818T022744Z,loan_to_customer,3,38,200,14.644200,
baseline,2,4,perf-baseline-r002-20260818T022744Z,loan_to_customer,3,39,200,14.754500,
baseline,2,4,perf-baseline-r002-20260818T022744Z,loan_to_customer,3,40,200,14.166500,
baseline,2,4,perf-baseline-r002-20260818T022744Z,loan_to_customer,3,41,200,13.727000,
baseline,2,4,perf-baseline-r002-20260818T022744Z,loan_to_customer,3,42,200,13.798900,
baseline,2,4,perf-baseline-r002-20260818T022744Z,loan_to_customer,3,43,200,15.022100,
baseline,2,4,perf-baseline-r002-20260818T022744Z,loan_to_customer,3,44,200,14.906300,
baseline,2,4,perf-baseline-r002-20260818T022744Z,loan_to_customer,3,45,200,14.101600,
baseline,2,4,perf-baseline-r002-20260818T022744Z,loan_to_customer,3,46,200,14.054600,
baseline,2,4,perf-baseline-r002-20260818T022744Z,loan_to_customer,3,47,200,14.188900,
baseline,2,4,perf-baseline-r002-20260818T022744Z,loan_to_customer,3,48,200,14.309400,
baseline,2,4,perf-baseline-r002-20260818T022744Z,loan_to_customer,3,49,200,14.298800,
baseline,2,4,perf-baseline-r002-20260818T022744Z,loan_to_customer,3,50,200,15.388300,
baseline,2,4,perf-baseline-r002-20260818T022744Z,loan_to_customer,3,51,200,14.051800,
baseline,2,4,perf-baseline-r002-20260818T022744Z,loan_to_customer,3,52,200,15.571000,
baseline,2,4,perf-baseline-r002-20260818T022744Z,loan_to_customer,3,53,200,15.444300,
baseline,2,4,perf-baseline-r002-20260818T022744Z,loan_to_customer,3,54,200,14.630000,
baseline,2,4,perf-baseline-r002-20260818T022744Z,loan_to_customer,3,55,200,14.627600,
baseline,2,4,perf-baseline-r002-20260818T022744Z,loan_to_customer,3,56,200,14.925500,
baseline,2,4,perf-baseline-r002-20260818T022744Z,loan_to_customer,3,57,200,14.585900,
baseline,2,4,perf-baseline-r002-20260818T022744Z,loan_to_customer,3,58,200,14.420200,
baseline,2,4,perf-baseline-r002-20260818T022744Z,loan_to_customer,3,59,200,14.727900,
baseline,2,4,perf-baseline-r002-20260818T022744Z,loan_to_customer,3,60,200,14.506600,
baseline,2,4,perf-baseline-r002-20260818T022744Z,loan_to_customer,3,61,200,14.823300,
baseline,2,4,perf-baseline-r002-20260818T022744Z,loan_to_customer,3,62,200,14.459200,
baseline,2,4,perf-baseline-r002-20260818T022744Z,loan_to_customer,3,63,200,14.077100,
baseline,2,4,perf-baseline-r002-20260818T022744Z,loan_to_customer,3,64,200,14.656100,
baseline,2,4,perf-baseline-r002-20260818T022744Z,loan_to_customer,3,65,200,15.362500,
baseline,2,4,perf-baseline-r002-20260818T022744Z,loan_to_customer,3,66,200,13.966000,
baseline,2,4,perf-baseline-r002-20260818T022744Z,loan_to_customer,3,67,200,14.135900,
baseline,2,4,perf-baseline-r002-20260818T022744Z,loan_to_customer,3,68,200,14.085600,
baseline,2,4,perf-baseline-r002-20260818T022744Z,loan_to_customer,3,69,200,14.867300,
baseline,2,4,perf-baseline-r002-20260818T022744Z,loan_to_customer,3,70,200,14.274700,
baseline,2,4,perf-baseline-r002-20260818T022744Z,loan_to_customer,3,71,200,18.104900,
baseline,2,4,perf-baseline-r002-20260818T022744Z,loan_to_customer,3,72,200,16.641100,
baseline,2,4,perf-baseline-r002-20260818T022744Z,loan_to_customer,3,73,200,15.725300,
baseline,2,4,perf-baseline-r002-20260818T022744Z,loan_to_customer,3,74,200,17.281800,
baseline,2,4,perf-baseline-r002-20260818T022744Z,loan_to_customer,3,75,200,15.772900,
baseline,2,4,perf-baseline-r002-20260818T022744Z,loan_to_customer,3,76,200,15.434700,
baseline,2,4,perf-baseline-r002-20260818T022744Z,loan_to_customer,3,77,200,15.297300,
baseline,2,4,perf-baseline-r002-20260818T022744Z,loan_to_customer,3,78,200,15.588600,
baseline,2,4,perf-baseline-r002-20260818T022744Z,loan_to_customer,3,79,200,14.995900,
baseline,2,4,perf-baseline-r002-20260818T022744Z,loan_to_customer,3,80,200,14.856100,
baseline,2,4,perf-baseline-r002-20260818T022744Z,loan_to_customer,3,81,200,14.334600,
baseline,2,4,perf-baseline-r002-20260818T022744Z,loan_to_customer,3,82,200,14.418500,
baseline,2,4,perf-baseline-r002-20260818T022744Z,loan_to_customer,3,83,200,14.119700,
baseline,2,4,perf-baseline-r002-20260818T022744Z,loan_to_customer,3,84,200,14.742200,
baseline,2,4,perf-baseline-r002-20260818T022744Z,loan_to_customer,3,85,200,14.760300,
baseline,2,4,perf-baseline-r002-20260818T022744Z,loan_to_customer,3,86,200,13.903900,
baseline,2,4,perf-baseline-r002-20260818T022744Z,loan_to_customer,3,87,200,13.816500,
baseline,2,4,perf-baseline-r002-20260818T022744Z,loan_to_customer,3,88,200,14.228200,
baseline,2,4,perf-baseline-r002-20260818T022744Z,loan_to_customer,3,89,200,14.106100,
baseline,2,4,perf-baseline-r002-20260818T022744Z,loan_to_customer,3,90,200,15.037500,
baseline,2,4,perf-baseline-r002-20260818T022744Z,loan_to_customer,3,91,200,13.909500,
baseline,2,4,perf-baseline-r002-20260818T022744Z,loan_to_customer,3,92,200,14.459600,
baseline,2,4,perf-baseline-r002-20260818T022744Z,loan_to_customer,3,93,200,13.853900,
baseline,2,4,perf-baseline-r002-20260818T022744Z,loan_to_customer,3,94,200,13.495500,
baseline,2,4,perf-baseline-r002-20260818T022744Z,loan_to_customer,3,95,200,13.821200,
baseline,2,4,perf-baseline-r002-20260818T022744Z,loan_to_customer,3,96,200,14.376200,
baseline,2,4,perf-baseline-r002-20260818T022744Z,loan_to_customer,3,97,200,14.436300,
baseline,2,4,perf-baseline-r002-20260818T022744Z,loan_to_customer,3,98,200,14.391700,
baseline,2,4,perf-baseline-r002-20260818T022744Z,loan_to_customer,3,99,200,14.433800,
baseline,2,4,perf-baseline-r002-20260818T022744Z,loan_to_customer,3,100,200,13.887000,
baseline,2,4,perf-baseline-r002-20260818T022744Z,loan_to_customer,3,101,200,13.969800,
baseline,2,4,perf-baseline-r002-20260818T022744Z,loan_to_customer,3,102,200,14.084100,
baseline,2,4,perf-baseline-r002-20260818T022744Z,loan_to_customer,3,103,200,14.293600,
baseline,2,4,perf-baseline-r002-20260818T022744Z,loan_to_customer,3,104,200,14.739800,
baseline,2,4,perf-baseline-r002-20260818T022744Z,loan_to_customer,3,105,200,14.003600,
baseline,2,4,perf-baseline-r002-20260818T022744Z,loan_to_customer,3,106,200,13.859100,
baseline,2,4,perf-baseline-r002-20260818T022744Z,loan_to_customer,3,107,200,13.632400,
baseline,2,4,perf-baseline-r002-20260818T022744Z,loan_to_customer,3,108,200,13.802900,
baseline,2,4,perf-baseline-r002-20260818T022744Z,loan_to_customer,3,109,200,14.668300,
baseline,2,4,perf-baseline-r002-20260818T022744Z,loan_to_customer,3,110,200,13.819700,
baseline,2,4,perf-baseline-r002-20260818T022744Z,loan_to_customer,3,111,200,13.676900,
baseline,2,4,perf-baseline-r002-20260818T022744Z,loan_to_customer,3,112,200,14.541300,
baseline,2,4,perf-baseline-r002-20260818T022744Z,loan_to_customer,3,113,200,14.464700,
baseline,2,4,perf-baseline-r002-20260818T022744Z,loan_to_customer,3,114,200,17.260700,
baseline,2,4,perf-baseline-r002-20260818T022744Z,loan_to_customer,3,115,200,13.727100,
baseline,2,4,perf-baseline-r002-20260818T022744Z,loan_to_customer,3,116,200,15.750900,
baseline,2,4,perf-baseline-r002-20260818T022744Z,loan_to_customer,3,117,200,14.124400,
baseline,2,4,perf-baseline-r002-20260818T022744Z,loan_to_customer,3,118,200,13.814800,
baseline,2,4,perf-baseline-r002-20260818T022744Z,loan_to_customer,3,119,200,13.923100,
baseline,2,4,perf-baseline-r002-20260818T022744Z,loan_to_customer,3,120,200,13.951500,
baseline,2,4,perf-baseline-r002-20260818T022744Z,loan_to_customer,3,121,200,14.210300,
baseline,2,4,perf-baseline-r002-20260818T022744Z,loan_to_customer,3,122,200,13.936800,
baseline,2,4,perf-baseline-r002-20260818T022744Z,loan_to_customer,3,123,200,14.570800,
baseline,2,4,perf-baseline-r002-20260818T022744Z,loan_to_customer,3,124,200,14.280400,
baseline,2,4,perf-baseline-r002-20260818T022744Z,loan_to_customer,3,125,200,14.145600,
baseline,2,4,perf-baseline-r002-20260818T022744Z,loan_to_customer,3,126,200,14.332100,
baseline,2,4,perf-baseline-r002-20260818T022744Z,loan_to_customer,3,127,200,13.981100,
baseline,2,4,perf-baseline-r002-20260818T022744Z,loan_to_customer,3,128,200,13.870500,
baseline,2,4,perf-baseline-r002-20260818T022744Z,loan_to_customer,3,129,200,15.096000,
baseline,2,4,perf-baseline-r002-20260818T022744Z,loan_to_customer,3,130,200,14.521700,
baseline,2,4,perf-baseline-r002-20260818T022744Z,loan_to_customer,3,131,200,14.851200,
baseline,2,4,perf-baseline-r002-20260818T022744Z,loan_to_customer,3,132,200,14.867600,
baseline,2,4,perf-baseline-r002-20260818T022744Z,loan_to_customer,3,133,200,14.808600,
baseline,2,4,perf-baseline-r002-20260818T022744Z,loan_to_customer,3,134,200,14.982100,
baseline,2,4,perf-baseline-r002-20260818T022744Z,loan_to_customer,3,135,200,14.577500,
baseline,2,4,perf-baseline-r002-20260818T022744Z,loan_to_customer,3,136,200,14.392300,
baseline,2,4,perf-baseline-r002-20260818T022744Z,loan_to_customer,3,137,200,15.082400,
baseline,2,4,perf-baseline-r002-20260818T022744Z,loan_to_customer,3,138,200,14.795400,
baseline,2,4,perf-baseline-r002-20260818T022744Z,loan_to_customer,3,139,200,14.602300,
baseline,2,4,perf-baseline-r002-20260818T022744Z,loan_to_customer,3,140,200,14.436700,
baseline,2,4,perf-baseline-r002-20260818T022744Z,loan_to_customer,3,141,200,15.457700,
baseline,2,4,perf-baseline-r002-20260818T022744Z,loan_to_customer,3,142,200,14.883500,
baseline,2,4,perf-baseline-r002-20260818T022744Z,loan_to_customer,3,143,200,14.628900,
baseline,2,4,perf-baseline-r002-20260818T022744Z,loan_to_customer,3,144,200,14.306500,
baseline,2,4,perf-baseline-r002-20260818T022744Z,loan_to_customer,3,145,200,14.848900,
baseline,2,4,perf-baseline-r002-20260818T022744Z,loan_to_customer,3,146,200,15.266100,
baseline,2,4,perf-baseline-r002-20260818T022744Z,loan_to_customer,3,147,200,14.832300,
baseline,2,4,perf-baseline-r002-20260818T022744Z,loan_to_customer,3,148,200,14.254900,
baseline,2,4,perf-baseline-r002-20260818T022744Z,loan_to_customer,3,149,200,13.994300,
baseline,2,4,perf-baseline-r002-20260818T022744Z,loan_to_customer,3,150,200,14.952800,
baseline,2,4,perf-baseline-r002-20260818T022744Z,loan_to_customer,3,151,200,14.205000,
baseline,2,4,perf-baseline-r002-20260818T022744Z,loan_to_customer,3,152,200,14.487100,
baseline,2,4,perf-baseline-r002-20260818T022744Z,loan_to_customer,3,153,200,14.423900,
baseline,2,4,perf-baseline-r002-20260818T022744Z,loan_to_customer,3,154,200,14.206400,
baseline,2,4,perf-baseline-r002-20260818T022744Z,loan_to_customer,3,155,200,14.229300,
baseline,2,4,perf-baseline-r002-20260818T022744Z,loan_to_customer,3,156,200,14.124000,
baseline,2,4,perf-baseline-r002-20260818T022744Z,loan_to_customer,3,157,200,14.756800,
baseline,2,4,perf-baseline-r002-20260818T022744Z,loan_to_customer,3,158,200,14.096400,
baseline,2,4,perf-baseline-r002-20260818T022744Z,loan_to_customer,3,159,200,14.151100,
baseline,2,4,perf-baseline-r002-20260818T022744Z,loan_to_customer,3,160,200,14.047000,
baseline,2,4,perf-baseline-r002-20260818T022744Z,loan_to_customer,3,161,200,14.454100,
baseline,2,4,perf-baseline-r002-20260818T022744Z,loan_to_customer,3,162,200,14.386100,
baseline,2,4,perf-baseline-r002-20260818T022744Z,loan_to_customer,3,163,200,15.026800,
baseline,2,4,perf-baseline-r002-20260818T022744Z,loan_to_customer,3,164,200,15.511400,
baseline,2,4,perf-baseline-r002-20260818T022744Z,loan_to_customer,3,165,200,16.758100,
baseline,2,4,perf-baseline-r002-20260818T022744Z,loan_to_customer,3,166,200,16.086700,
baseline,2,4,perf-baseline-r002-20260818T022744Z,loan_to_customer,3,167,200,16.093000,
baseline,2,4,perf-baseline-r002-20260818T022744Z,loan_to_customer,3,168,200,15.174100,
baseline,2,4,perf-baseline-r002-20260818T022744Z,loan_to_customer,3,169,200,15.475000,
baseline,2,4,perf-baseline-r002-20260818T022744Z,loan_to_customer,3,170,200,23.303100,
baseline,2,4,perf-baseline-r002-20260818T022744Z,loan_to_customer,3,171,200,17.405600,
baseline,2,4,perf-baseline-r002-20260818T022744Z,loan_to_customer,3,172,200,14.879400,
baseline,2,4,perf-baseline-r002-20260818T022744Z,loan_to_customer,3,173,200,15.444200,
baseline,2,4,perf-baseline-r002-20260818T022744Z,loan_to_customer,3,174,200,14.808800,
baseline,2,4,perf-baseline-r002-20260818T022744Z,loan_to_customer,3,175,200,15.070100,
baseline,2,4,perf-baseline-r002-20260818T022744Z,loan_to_customer,3,176,200,14.698700,
baseline,2,4,perf-baseline-r002-20260818T022744Z,loan_to_customer,3,177,200,14.696000,
baseline,2,4,perf-baseline-r002-20260818T022744Z,loan_to_customer,3,178,200,14.309900,
baseline,2,4,perf-baseline-r002-20260818T022744Z,loan_to_customer,3,179,200,14.688600,
baseline,2,4,perf-baseline-r002-20260818T022744Z,loan_to_customer,3,180,200,20.566400,
baseline,2,4,perf-baseline-r002-20260818T022744Z,loan_to_customer,3,181,200,13.708200,
baseline,2,4,perf-baseline-r002-20260818T022744Z,loan_to_customer,3,182,200,14.516800,
baseline,2,4,perf-baseline-r002-20260818T022744Z,loan_to_customer,3,183,200,14.314400,
baseline,2,4,perf-baseline-r002-20260818T022744Z,loan_to_customer,3,184,200,14.427100,
baseline,2,4,perf-baseline-r002-20260818T022744Z,loan_to_customer,3,185,200,13.523500,
baseline,2,4,perf-baseline-r002-20260818T022744Z,loan_to_customer,3,186,200,14.737800,
baseline,2,4,perf-baseline-r002-20260818T022744Z,loan_to_customer,3,187,200,13.662400,
baseline,2,4,perf-baseline-r002-20260818T022744Z,loan_to_customer,3,188,200,14.576500,
baseline,2,4,perf-baseline-r002-20260818T022744Z,loan_to_customer,3,189,200,15.096300,
baseline,2,4,perf-baseline-r002-20260818T022744Z,loan_to_customer,3,190,200,14.165200,
baseline,2,4,perf-baseline-r002-20260818T022744Z,loan_to_customer,3,191,200,15.093100,
baseline,2,4,perf-baseline-r002-20260818T022744Z,loan_to_customer,3,192,200,13.990400,
baseline,2,4,perf-baseline-r002-20260818T022744Z,loan_to_customer,3,193,200,14.990900,
baseline,2,4,perf-baseline-r002-20260818T022744Z,loan_to_customer,3,194,200,14.910900,
baseline,2,4,perf-baseline-r002-20260818T022744Z,loan_to_customer,3,195,200,14.153400,
baseline,2,4,perf-baseline-r002-20260818T022744Z,loan_to_customer,3,196,200,15.440800,
baseline,2,4,perf-baseline-r002-20260818T022744Z,loan_to_customer,3,197,200,14.600700,
baseline,2,4,perf-baseline-r002-20260818T022744Z,loan_to_customer,3,198,200,14.425300,
baseline,2,4,perf-baseline-r002-20260818T022744Z,loan_to_customer,3,199,200,15.138600,
baseline,2,4,perf-baseline-r002-20260818T022744Z,loan_to_customer,3,200,200,15.744800,
baseline,2,4,perf-baseline-r002-20260818T022744Z,loan_to_credit,1,1,200,17.171400,
baseline,2,4,perf-baseline-r002-20260818T022744Z,loan_to_credit,1,2,200,16.659800,
baseline,2,4,perf-baseline-r002-20260818T022744Z,loan_to_credit,1,3,200,16.062300,
baseline,2,4,perf-baseline-r002-20260818T022744Z,loan_to_credit,1,4,200,15.967700,
baseline,2,4,perf-baseline-r002-20260818T022744Z,loan_to_credit,1,5,200,16.232600,
baseline,2,4,perf-baseline-r002-20260818T022744Z,loan_to_credit,1,6,200,15.915000,
baseline,2,4,perf-baseline-r002-20260818T022744Z,loan_to_credit,1,7,200,15.938200,
baseline,2,4,perf-baseline-r002-20260818T022744Z,loan_to_credit,1,8,200,16.222300,
baseline,2,4,perf-baseline-r002-20260818T022744Z,loan_to_credit,1,9,200,15.674000,
baseline,2,4,perf-baseline-r002-20260818T022744Z,loan_to_credit,1,10,200,16.201100,
baseline,2,4,perf-baseline-r002-20260818T022744Z,loan_to_credit,1,11,200,16.652400,
baseline,2,4,perf-baseline-r002-20260818T022744Z,loan_to_credit,1,12,200,15.820900,
baseline,2,4,perf-baseline-r002-20260818T022744Z,loan_to_credit,1,13,200,16.044200,
baseline,2,4,perf-baseline-r002-20260818T022744Z,loan_to_credit,1,14,200,15.925600,
baseline,2,4,perf-baseline-r002-20260818T022744Z,loan_to_credit,1,15,200,16.014800,
baseline,2,4,perf-baseline-r002-20260818T022744Z,loan_to_credit,1,16,200,17.475600,
baseline,2,4,perf-baseline-r002-20260818T022744Z,loan_to_credit,1,17,200,16.869700,
baseline,2,4,perf-baseline-r002-20260818T022744Z,loan_to_credit,1,18,200,15.651800,
baseline,2,4,perf-baseline-r002-20260818T022744Z,loan_to_credit,1,19,200,16.156300,
baseline,2,4,perf-baseline-r002-20260818T022744Z,loan_to_credit,1,20,200,16.015500,
baseline,2,4,perf-baseline-r002-20260818T022744Z,loan_to_credit,1,21,200,16.326700,
baseline,2,4,perf-baseline-r002-20260818T022744Z,loan_to_credit,1,22,200,15.617600,
baseline,2,4,perf-baseline-r002-20260818T022744Z,loan_to_credit,1,23,200,16.273900,
baseline,2,4,perf-baseline-r002-20260818T022744Z,loan_to_credit,1,24,200,17.126400,
baseline,2,4,perf-baseline-r002-20260818T022744Z,loan_to_credit,1,25,200,17.354200,
baseline,2,4,perf-baseline-r002-20260818T022744Z,loan_to_credit,1,26,200,16.350600,
baseline,2,4,perf-baseline-r002-20260818T022744Z,loan_to_credit,1,27,200,17.176800,
baseline,2,4,perf-baseline-r002-20260818T022744Z,loan_to_credit,1,28,200,17.211800,
baseline,2,4,perf-baseline-r002-20260818T022744Z,loan_to_credit,1,29,200,16.785100,
baseline,2,4,perf-baseline-r002-20260818T022744Z,loan_to_credit,1,30,200,17.556600,
baseline,2,4,perf-baseline-r002-20260818T022744Z,loan_to_credit,1,31,200,15.901900,
baseline,2,4,perf-baseline-r002-20260818T022744Z,loan_to_credit,1,32,200,16.155300,
baseline,2,4,perf-baseline-r002-20260818T022744Z,loan_to_credit,1,33,200,15.962700,
baseline,2,4,perf-baseline-r002-20260818T022744Z,loan_to_credit,1,34,200,15.746800,
baseline,2,4,perf-baseline-r002-20260818T022744Z,loan_to_credit,1,35,200,16.265200,
baseline,2,4,perf-baseline-r002-20260818T022744Z,loan_to_credit,1,36,200,17.178300,
baseline,2,4,perf-baseline-r002-20260818T022744Z,loan_to_credit,1,37,200,16.476000,
baseline,2,4,perf-baseline-r002-20260818T022744Z,loan_to_credit,1,38,200,17.250000,
baseline,2,4,perf-baseline-r002-20260818T022744Z,loan_to_credit,1,39,200,15.836800,
baseline,2,4,perf-baseline-r002-20260818T022744Z,loan_to_credit,1,40,200,15.594100,
baseline,2,4,perf-baseline-r002-20260818T022744Z,loan_to_credit,1,41,200,16.632100,
baseline,2,4,perf-baseline-r002-20260818T022744Z,loan_to_credit,1,42,200,18.719900,
baseline,2,4,perf-baseline-r002-20260818T022744Z,loan_to_credit,1,43,200,17.392500,
baseline,2,4,perf-baseline-r002-20260818T022744Z,loan_to_credit,1,44,200,16.027000,
baseline,2,4,perf-baseline-r002-20260818T022744Z,loan_to_credit,1,45,200,17.441000,
baseline,2,4,perf-baseline-r002-20260818T022744Z,loan_to_credit,1,46,200,17.447800,
baseline,2,4,perf-baseline-r002-20260818T022744Z,loan_to_credit,1,47,200,16.817200,
baseline,2,4,perf-baseline-r002-20260818T022744Z,loan_to_credit,1,48,200,16.116200,
baseline,2,4,perf-baseline-r002-20260818T022744Z,loan_to_credit,1,49,200,16.712400,
baseline,2,4,perf-baseline-r002-20260818T022744Z,loan_to_credit,1,50,200,15.808700,
baseline,2,4,perf-baseline-r002-20260818T022744Z,loan_to_credit,1,51,200,16.229600,
baseline,2,4,perf-baseline-r002-20260818T022744Z,loan_to_credit,1,52,200,16.029600,
baseline,2,4,perf-baseline-r002-20260818T022744Z,loan_to_credit,1,53,200,17.559500,
baseline,2,4,perf-baseline-r002-20260818T022744Z,loan_to_credit,1,54,200,16.020200,
baseline,2,4,perf-baseline-r002-20260818T022744Z,loan_to_credit,1,55,200,15.973700,
baseline,2,4,perf-baseline-r002-20260818T022744Z,loan_to_credit,1,56,200,16.583300,
baseline,2,4,perf-baseline-r002-20260818T022744Z,loan_to_credit,1,57,200,16.396700,
baseline,2,4,perf-baseline-r002-20260818T022744Z,loan_to_credit,1,58,200,14.869500,
baseline,2,4,perf-baseline-r002-20260818T022744Z,loan_to_credit,1,59,200,15.940000,
baseline,2,4,perf-baseline-r002-20260818T022744Z,loan_to_credit,1,60,200,15.888500,
baseline,2,4,perf-baseline-r002-20260818T022744Z,loan_to_credit,1,61,200,15.127600,
baseline,2,4,perf-baseline-r002-20260818T022744Z,loan_to_credit,1,62,200,16.134700,
baseline,2,4,perf-baseline-r002-20260818T022744Z,loan_to_credit,1,63,200,16.110200,
baseline,2,4,perf-baseline-r002-20260818T022744Z,loan_to_credit,1,64,200,15.892400,
baseline,2,4,perf-baseline-r002-20260818T022744Z,loan_to_credit,1,65,200,16.093600,
baseline,2,4,perf-baseline-r002-20260818T022744Z,loan_to_credit,1,66,200,15.761200,
baseline,2,4,perf-baseline-r002-20260818T022744Z,loan_to_credit,1,67,200,16.575500,
baseline,2,4,perf-baseline-r002-20260818T022744Z,loan_to_credit,1,68,200,16.418700,
baseline,2,4,perf-baseline-r002-20260818T022744Z,loan_to_credit,1,69,200,15.816200,
baseline,2,4,perf-baseline-r002-20260818T022744Z,loan_to_credit,1,70,200,15.908400,
baseline,2,4,perf-baseline-r002-20260818T022744Z,loan_to_credit,1,71,200,17.096500,
baseline,2,4,perf-baseline-r002-20260818T022744Z,loan_to_credit,1,72,200,18.519300,
baseline,2,4,perf-baseline-r002-20260818T022744Z,loan_to_credit,1,73,200,18.658400,
baseline,2,4,perf-baseline-r002-20260818T022744Z,loan_to_credit,1,74,200,15.666800,
baseline,2,4,perf-baseline-r002-20260818T022744Z,loan_to_credit,1,75,200,16.098200,
baseline,2,4,perf-baseline-r002-20260818T022744Z,loan_to_credit,1,76,200,17.161400,
baseline,2,4,perf-baseline-r002-20260818T022744Z,loan_to_credit,1,77,200,16.923800,
baseline,2,4,perf-baseline-r002-20260818T022744Z,loan_to_credit,1,78,200,16.052500,
baseline,2,4,perf-baseline-r002-20260818T022744Z,loan_to_credit,1,79,200,16.087400,
baseline,2,4,perf-baseline-r002-20260818T022744Z,loan_to_credit,1,80,200,16.958400,
baseline,2,4,perf-baseline-r002-20260818T022744Z,loan_to_credit,1,81,200,17.903100,
baseline,2,4,perf-baseline-r002-20260818T022744Z,loan_to_credit,1,82,200,17.257200,
baseline,2,4,perf-baseline-r002-20260818T022744Z,loan_to_credit,1,83,200,16.773200,
baseline,2,4,perf-baseline-r002-20260818T022744Z,loan_to_credit,1,84,200,16.436700,
baseline,2,4,perf-baseline-r002-20260818T022744Z,loan_to_credit,1,85,200,19.357800,
baseline,2,4,perf-baseline-r002-20260818T022744Z,loan_to_credit,1,86,200,16.217700,
baseline,2,4,perf-baseline-r002-20260818T022744Z,loan_to_credit,1,87,200,16.707000,
baseline,2,4,perf-baseline-r002-20260818T022744Z,loan_to_credit,1,88,200,17.118300,
baseline,2,4,perf-baseline-r002-20260818T022744Z,loan_to_credit,1,89,200,17.695000,
baseline,2,4,perf-baseline-r002-20260818T022744Z,loan_to_credit,1,90,200,16.219300,
baseline,2,4,perf-baseline-r002-20260818T022744Z,loan_to_credit,1,91,200,18.472000,
baseline,2,4,perf-baseline-r002-20260818T022744Z,loan_to_credit,1,92,200,15.751200,
baseline,2,4,perf-baseline-r002-20260818T022744Z,loan_to_credit,1,93,200,15.858200,
baseline,2,4,perf-baseline-r002-20260818T022744Z,loan_to_credit,1,94,200,15.750800,
baseline,2,4,perf-baseline-r002-20260818T022744Z,loan_to_credit,1,95,200,16.081200,
baseline,2,4,perf-baseline-r002-20260818T022744Z,loan_to_credit,1,96,200,16.150100,
baseline,2,4,perf-baseline-r002-20260818T022744Z,loan_to_credit,1,97,200,15.770000,
baseline,2,4,perf-baseline-r002-20260818T022744Z,loan_to_credit,1,98,200,15.960100,
baseline,2,4,perf-baseline-r002-20260818T022744Z,loan_to_credit,1,99,200,16.771100,
baseline,2,4,perf-baseline-r002-20260818T022744Z,loan_to_credit,1,100,200,15.866600,
baseline,2,4,perf-baseline-r002-20260818T022744Z,loan_to_credit,1,101,200,15.953000,
baseline,2,4,perf-baseline-r002-20260818T022744Z,loan_to_credit,1,102,200,16.824000,
baseline,2,4,perf-baseline-r002-20260818T022744Z,loan_to_credit,1,103,200,16.588000,
baseline,2,4,perf-baseline-r002-20260818T022744Z,loan_to_credit,1,104,200,15.544700,
baseline,2,4,perf-baseline-r002-20260818T022744Z,loan_to_credit,1,105,200,16.459300,
baseline,2,4,perf-baseline-r002-20260818T022744Z,loan_to_credit,1,106,200,15.599700,
baseline,2,4,perf-baseline-r002-20260818T022744Z,loan_to_credit,1,107,200,16.150300,
baseline,2,4,perf-baseline-r002-20260818T022744Z,loan_to_credit,1,108,200,15.856700,
baseline,2,4,perf-baseline-r002-20260818T022744Z,loan_to_credit,1,109,200,16.254300,
baseline,2,4,perf-baseline-r002-20260818T022744Z,loan_to_credit,1,110,200,16.879000,
baseline,2,4,perf-baseline-r002-20260818T022744Z,loan_to_credit,1,111,200,17.668400,
baseline,2,4,perf-baseline-r002-20260818T022744Z,loan_to_credit,1,112,200,16.144300,
baseline,2,4,perf-baseline-r002-20260818T022744Z,loan_to_credit,1,113,200,16.165000,
baseline,2,4,perf-baseline-r002-20260818T022744Z,loan_to_credit,1,114,200,15.643100,
baseline,2,4,perf-baseline-r002-20260818T022744Z,loan_to_credit,1,115,200,16.384300,
baseline,2,4,perf-baseline-r002-20260818T022744Z,loan_to_credit,1,116,200,17.115300,
baseline,2,4,perf-baseline-r002-20260818T022744Z,loan_to_credit,1,117,200,16.756700,
baseline,2,4,perf-baseline-r002-20260818T022744Z,loan_to_credit,1,118,200,15.769000,
baseline,2,4,perf-baseline-r002-20260818T022744Z,loan_to_credit,1,119,200,14.819900,
baseline,2,4,perf-baseline-r002-20260818T022744Z,loan_to_credit,1,120,200,16.140400,
baseline,2,4,perf-baseline-r002-20260818T022744Z,loan_to_credit,1,121,200,15.261300,
baseline,2,4,perf-baseline-r002-20260818T022744Z,loan_to_credit,1,122,200,17.015300,
baseline,2,4,perf-baseline-r002-20260818T022744Z,loan_to_credit,1,123,200,16.850800,
baseline,2,4,perf-baseline-r002-20260818T022744Z,loan_to_credit,1,124,200,16.224700,
baseline,2,4,perf-baseline-r002-20260818T022744Z,loan_to_credit,1,125,200,15.655600,
baseline,2,4,perf-baseline-r002-20260818T022744Z,loan_to_credit,1,126,200,16.058200,
baseline,2,4,perf-baseline-r002-20260818T022744Z,loan_to_credit,1,127,200,17.090300,
baseline,2,4,perf-baseline-r002-20260818T022744Z,loan_to_credit,1,128,200,15.821700,
baseline,2,4,perf-baseline-r002-20260818T022744Z,loan_to_credit,1,129,200,16.084500,
baseline,2,4,perf-baseline-r002-20260818T022744Z,loan_to_credit,1,130,200,15.683700,
baseline,2,4,perf-baseline-r002-20260818T022744Z,loan_to_credit,1,131,200,16.142700,
baseline,2,4,perf-baseline-r002-20260818T022744Z,loan_to_credit,1,132,200,16.233300,
baseline,2,4,perf-baseline-r002-20260818T022744Z,loan_to_credit,1,133,200,16.020600,
baseline,2,4,perf-baseline-r002-20260818T022744Z,loan_to_credit,1,134,200,17.023000,
baseline,2,4,perf-baseline-r002-20260818T022744Z,loan_to_credit,1,135,200,16.649200,
baseline,2,4,perf-baseline-r002-20260818T022744Z,loan_to_credit,1,136,200,15.912300,
baseline,2,4,perf-baseline-r002-20260818T022744Z,loan_to_credit,1,137,200,15.933900,
baseline,2,4,perf-baseline-r002-20260818T022744Z,loan_to_credit,1,138,200,15.925000,
baseline,2,4,perf-baseline-r002-20260818T022744Z,loan_to_credit,1,139,200,16.098100,
baseline,2,4,perf-baseline-r002-20260818T022744Z,loan_to_credit,1,140,200,16.181400,
baseline,2,4,perf-baseline-r002-20260818T022744Z,loan_to_credit,1,141,200,15.872300,
baseline,2,4,perf-baseline-r002-20260818T022744Z,loan_to_credit,1,142,200,16.901000,
baseline,2,4,perf-baseline-r002-20260818T022744Z,loan_to_credit,1,143,200,16.109700,
baseline,2,4,perf-baseline-r002-20260818T022744Z,loan_to_credit,1,144,200,17.187500,
baseline,2,4,perf-baseline-r002-20260818T022744Z,loan_to_credit,1,145,200,16.002900,
baseline,2,4,perf-baseline-r002-20260818T022744Z,loan_to_credit,1,146,200,16.746300,
baseline,2,4,perf-baseline-r002-20260818T022744Z,loan_to_credit,1,147,200,16.989900,
baseline,2,4,perf-baseline-r002-20260818T022744Z,loan_to_credit,1,148,200,16.748200,
baseline,2,4,perf-baseline-r002-20260818T022744Z,loan_to_credit,1,149,200,17.320300,
baseline,2,4,perf-baseline-r002-20260818T022744Z,loan_to_credit,1,150,200,17.488100,
baseline,2,4,perf-baseline-r002-20260818T022744Z,loan_to_credit,1,151,200,16.146800,
baseline,2,4,perf-baseline-r002-20260818T022744Z,loan_to_credit,1,152,200,16.225000,
baseline,2,4,perf-baseline-r002-20260818T022744Z,loan_to_credit,1,153,200,15.944700,
baseline,2,4,perf-baseline-r002-20260818T022744Z,loan_to_credit,1,154,200,15.766500,
baseline,2,4,perf-baseline-r002-20260818T022744Z,loan_to_credit,1,155,200,16.256500,
baseline,2,4,perf-baseline-r002-20260818T022744Z,loan_to_credit,1,156,200,15.554300,
baseline,2,4,perf-baseline-r002-20260818T022744Z,loan_to_credit,1,157,200,16.160300,
baseline,2,4,perf-baseline-r002-20260818T022744Z,loan_to_credit,1,158,200,15.793300,
baseline,2,4,perf-baseline-r002-20260818T022744Z,loan_to_credit,1,159,200,16.608600,
baseline,2,4,perf-baseline-r002-20260818T022744Z,loan_to_credit,1,160,200,16.717200,
baseline,2,4,perf-baseline-r002-20260818T022744Z,loan_to_credit,1,161,200,16.120900,
baseline,2,4,perf-baseline-r002-20260818T022744Z,loan_to_credit,1,162,200,16.774600,
baseline,2,4,perf-baseline-r002-20260818T022744Z,loan_to_credit,1,163,200,15.862800,
baseline,2,4,perf-baseline-r002-20260818T022744Z,loan_to_credit,1,164,200,16.937800,
baseline,2,4,perf-baseline-r002-20260818T022744Z,loan_to_credit,1,165,200,15.856800,
baseline,2,4,perf-baseline-r002-20260818T022744Z,loan_to_credit,1,166,200,16.042400,
baseline,2,4,perf-baseline-r002-20260818T022744Z,loan_to_credit,1,167,200,16.393300,
baseline,2,4,perf-baseline-r002-20260818T022744Z,loan_to_credit,1,168,200,17.305400,
baseline,2,4,perf-baseline-r002-20260818T022744Z,loan_to_credit,1,169,200,17.693600,
baseline,2,4,perf-baseline-r002-20260818T022744Z,loan_to_credit,1,170,200,17.023800,
baseline,2,4,perf-baseline-r002-20260818T022744Z,loan_to_credit,1,171,200,17.132100,
baseline,2,4,perf-baseline-r002-20260818T022744Z,loan_to_credit,1,172,200,16.727000,
baseline,2,4,perf-baseline-r002-20260818T022744Z,loan_to_credit,1,173,200,17.243600,
baseline,2,4,perf-baseline-r002-20260818T022744Z,loan_to_credit,1,174,200,18.734800,
baseline,2,4,perf-baseline-r002-20260818T022744Z,loan_to_credit,1,175,200,17.595400,
baseline,2,4,perf-baseline-r002-20260818T022744Z,loan_to_credit,1,176,200,16.824400,
baseline,2,4,perf-baseline-r002-20260818T022744Z,loan_to_credit,1,177,200,15.963300,
baseline,2,4,perf-baseline-r002-20260818T022744Z,loan_to_credit,1,178,200,16.591200,
baseline,2,4,perf-baseline-r002-20260818T022744Z,loan_to_credit,1,179,200,16.054800,
baseline,2,4,perf-baseline-r002-20260818T022744Z,loan_to_credit,1,180,200,17.029000,
baseline,2,4,perf-baseline-r002-20260818T022744Z,loan_to_credit,1,181,200,15.964300,
baseline,2,4,perf-baseline-r002-20260818T022744Z,loan_to_credit,1,182,200,15.586200,
baseline,2,4,perf-baseline-r002-20260818T022744Z,loan_to_credit,1,183,200,16.954500,
baseline,2,4,perf-baseline-r002-20260818T022744Z,loan_to_credit,1,184,200,16.345200,
baseline,2,4,perf-baseline-r002-20260818T022744Z,loan_to_credit,1,185,200,16.548800,
baseline,2,4,perf-baseline-r002-20260818T022744Z,loan_to_credit,1,186,200,17.131600,
baseline,2,4,perf-baseline-r002-20260818T022744Z,loan_to_credit,1,187,200,16.821400,
baseline,2,4,perf-baseline-r002-20260818T022744Z,loan_to_credit,1,188,200,16.161400,
baseline,2,4,perf-baseline-r002-20260818T022744Z,loan_to_credit,1,189,200,16.090200,
baseline,2,4,perf-baseline-r002-20260818T022744Z,loan_to_credit,1,190,200,16.981000,
baseline,2,4,perf-baseline-r002-20260818T022744Z,loan_to_credit,1,191,200,15.676100,
baseline,2,4,perf-baseline-r002-20260818T022744Z,loan_to_credit,1,192,200,16.390700,
baseline,2,4,perf-baseline-r002-20260818T022744Z,loan_to_credit,1,193,200,16.065500,
baseline,2,4,perf-baseline-r002-20260818T022744Z,loan_to_credit,1,194,200,16.474300,
baseline,2,4,perf-baseline-r002-20260818T022744Z,loan_to_credit,1,195,200,15.940700,
baseline,2,4,perf-baseline-r002-20260818T022744Z,loan_to_credit,1,196,200,16.179700,
baseline,2,4,perf-baseline-r002-20260818T022744Z,loan_to_credit,1,197,200,15.524800,
baseline,2,4,perf-baseline-r002-20260818T022744Z,loan_to_credit,1,198,200,15.991700,
baseline,2,4,perf-baseline-r002-20260818T022744Z,loan_to_credit,1,199,200,15.114400,
baseline,2,4,perf-baseline-r002-20260818T022744Z,loan_to_credit,1,200,200,16.377200,
baseline,2,4,perf-baseline-r002-20260818T022744Z,loan_to_credit,2,1,200,15.882600,
baseline,2,4,perf-baseline-r002-20260818T022744Z,loan_to_credit,2,2,200,15.994300,
baseline,2,4,perf-baseline-r002-20260818T022744Z,loan_to_credit,2,3,200,15.930300,
baseline,2,4,perf-baseline-r002-20260818T022744Z,loan_to_credit,2,4,200,15.727500,
baseline,2,4,perf-baseline-r002-20260818T022744Z,loan_to_credit,2,5,200,16.205500,
baseline,2,4,perf-baseline-r002-20260818T022744Z,loan_to_credit,2,6,200,16.641400,
baseline,2,4,perf-baseline-r002-20260818T022744Z,loan_to_credit,2,7,200,16.583900,
baseline,2,4,perf-baseline-r002-20260818T022744Z,loan_to_credit,2,8,200,15.124500,
baseline,2,4,perf-baseline-r002-20260818T022744Z,loan_to_credit,2,9,200,15.167600,
baseline,2,4,perf-baseline-r002-20260818T022744Z,loan_to_credit,2,10,200,17.399900,
baseline,2,4,perf-baseline-r002-20260818T022744Z,loan_to_credit,2,11,200,15.846000,
baseline,2,4,perf-baseline-r002-20260818T022744Z,loan_to_credit,2,12,200,16.376600,
baseline,2,4,perf-baseline-r002-20260818T022744Z,loan_to_credit,2,13,200,16.888100,
baseline,2,4,perf-baseline-r002-20260818T022744Z,loan_to_credit,2,14,200,16.046600,
baseline,2,4,perf-baseline-r002-20260818T022744Z,loan_to_credit,2,15,200,15.621000,
baseline,2,4,perf-baseline-r002-20260818T022744Z,loan_to_credit,2,16,200,16.116200,
baseline,2,4,perf-baseline-r002-20260818T022744Z,loan_to_credit,2,17,200,16.057100,
baseline,2,4,perf-baseline-r002-20260818T022744Z,loan_to_credit,2,18,200,16.388600,
baseline,2,4,perf-baseline-r002-20260818T022744Z,loan_to_credit,2,19,200,16.509700,
baseline,2,4,perf-baseline-r002-20260818T022744Z,loan_to_credit,2,20,200,15.665600,
baseline,2,4,perf-baseline-r002-20260818T022744Z,loan_to_credit,2,21,200,16.469800,
baseline,2,4,perf-baseline-r002-20260818T022744Z,loan_to_credit,2,22,200,16.608600,
baseline,2,4,perf-baseline-r002-20260818T022744Z,loan_to_credit,2,23,200,16.386400,
baseline,2,4,perf-baseline-r002-20260818T022744Z,loan_to_credit,2,24,200,15.840500,
baseline,2,4,perf-baseline-r002-20260818T022744Z,loan_to_credit,2,25,200,20.559400,
baseline,2,4,perf-baseline-r002-20260818T022744Z,loan_to_credit,2,26,200,16.391200,
baseline,2,4,perf-baseline-r002-20260818T022744Z,loan_to_credit,2,27,200,16.564700,
baseline,2,4,perf-baseline-r002-20260818T022744Z,loan_to_credit,2,28,200,16.241700,
baseline,2,4,perf-baseline-r002-20260818T022744Z,loan_to_credit,2,29,200,16.169900,
baseline,2,4,perf-baseline-r002-20260818T022744Z,loan_to_credit,2,30,200,17.600600,
baseline,2,4,perf-baseline-r002-20260818T022744Z,loan_to_credit,2,31,200,16.298600,
baseline,2,4,perf-baseline-r002-20260818T022744Z,loan_to_credit,2,32,200,16.217000,
baseline,2,4,perf-baseline-r002-20260818T022744Z,loan_to_credit,2,33,200,15.752700,
baseline,2,4,perf-baseline-r002-20260818T022744Z,loan_to_credit,2,34,200,16.829000,
baseline,2,4,perf-baseline-r002-20260818T022744Z,loan_to_credit,2,35,200,16.133100,
baseline,2,4,perf-baseline-r002-20260818T022744Z,loan_to_credit,2,36,200,15.705800,
baseline,2,4,perf-baseline-r002-20260818T022744Z,loan_to_credit,2,37,200,20.407900,
baseline,2,4,perf-baseline-r002-20260818T022744Z,loan_to_credit,2,38,200,18.851300,
baseline,2,4,perf-baseline-r002-20260818T022744Z,loan_to_credit,2,39,200,18.274400,
baseline,2,4,perf-baseline-r002-20260818T022744Z,loan_to_credit,2,40,200,20.396500,
baseline,2,4,perf-baseline-r002-20260818T022744Z,loan_to_credit,2,41,200,18.467400,
baseline,2,4,perf-baseline-r002-20260818T022744Z,loan_to_credit,2,42,200,22.339200,
baseline,2,4,perf-baseline-r002-20260818T022744Z,loan_to_credit,2,43,200,18.666100,
baseline,2,4,perf-baseline-r002-20260818T022744Z,loan_to_credit,2,44,200,19.199900,
baseline,2,4,perf-baseline-r002-20260818T022744Z,loan_to_credit,2,45,200,17.430500,
baseline,2,4,perf-baseline-r002-20260818T022744Z,loan_to_credit,2,46,200,15.752000,
baseline,2,4,perf-baseline-r002-20260818T022744Z,loan_to_credit,2,47,200,15.872100,
baseline,2,4,perf-baseline-r002-20260818T022744Z,loan_to_credit,2,48,200,16.580600,
baseline,2,4,perf-baseline-r002-20260818T022744Z,loan_to_credit,2,49,200,16.792800,
baseline,2,4,perf-baseline-r002-20260818T022744Z,loan_to_credit,2,50,200,19.003000,
baseline,2,4,perf-baseline-r002-20260818T022744Z,loan_to_credit,2,51,200,18.850100,
baseline,2,4,perf-baseline-r002-20260818T022744Z,loan_to_credit,2,52,200,17.269200,
baseline,2,4,perf-baseline-r002-20260818T022744Z,loan_to_credit,2,53,200,16.997000,
baseline,2,4,perf-baseline-r002-20260818T022744Z,loan_to_credit,2,54,200,18.455300,
baseline,2,4,perf-baseline-r002-20260818T022744Z,loan_to_credit,2,55,200,19.782900,
baseline,2,4,perf-baseline-r002-20260818T022744Z,loan_to_credit,2,56,200,18.591600,
baseline,2,4,perf-baseline-r002-20260818T022744Z,loan_to_credit,2,57,200,16.883800,
baseline,2,4,perf-baseline-r002-20260818T022744Z,loan_to_credit,2,58,200,17.508600,
baseline,2,4,perf-baseline-r002-20260818T022744Z,loan_to_credit,2,59,200,16.300500,
baseline,2,4,perf-baseline-r002-20260818T022744Z,loan_to_credit,2,60,200,16.067400,
baseline,2,4,perf-baseline-r002-20260818T022744Z,loan_to_credit,2,61,200,15.986100,
baseline,2,4,perf-baseline-r002-20260818T022744Z,loan_to_credit,2,62,200,16.932300,
baseline,2,4,perf-baseline-r002-20260818T022744Z,loan_to_credit,2,63,200,16.269600,
baseline,2,4,perf-baseline-r002-20260818T022744Z,loan_to_credit,2,64,200,16.332900,
baseline,2,4,perf-baseline-r002-20260818T022744Z,loan_to_credit,2,65,200,15.916900,
baseline,2,4,perf-baseline-r002-20260818T022744Z,loan_to_credit,2,66,200,16.267600,
baseline,2,4,perf-baseline-r002-20260818T022744Z,loan_to_credit,2,67,200,16.915100,
baseline,2,4,perf-baseline-r002-20260818T022744Z,loan_to_credit,2,68,200,15.613700,
baseline,2,4,perf-baseline-r002-20260818T022744Z,loan_to_credit,2,69,200,15.149700,
baseline,2,4,perf-baseline-r002-20260818T022744Z,loan_to_credit,2,70,200,16.512500,
baseline,2,4,perf-baseline-r002-20260818T022744Z,loan_to_credit,2,71,200,16.333400,
baseline,2,4,perf-baseline-r002-20260818T022744Z,loan_to_credit,2,72,200,17.557200,
baseline,2,4,perf-baseline-r002-20260818T022744Z,loan_to_credit,2,73,200,16.831900,
baseline,2,4,perf-baseline-r002-20260818T022744Z,loan_to_credit,2,74,200,16.891800,
baseline,2,4,perf-baseline-r002-20260818T022744Z,loan_to_credit,2,75,200,17.024200,
baseline,2,4,perf-baseline-r002-20260818T022744Z,loan_to_credit,2,76,200,17.233000,
baseline,2,4,perf-baseline-r002-20260818T022744Z,loan_to_credit,2,77,200,16.249600,
baseline,2,4,perf-baseline-r002-20260818T022744Z,loan_to_credit,2,78,200,16.172800,
baseline,2,4,perf-baseline-r002-20260818T022744Z,loan_to_credit,2,79,200,16.494400,
baseline,2,4,perf-baseline-r002-20260818T022744Z,loan_to_credit,2,80,200,16.567900,
baseline,2,4,perf-baseline-r002-20260818T022744Z,loan_to_credit,2,81,200,17.211300,
baseline,2,4,perf-baseline-r002-20260818T022744Z,loan_to_credit,2,82,200,15.863800,
baseline,2,4,perf-baseline-r002-20260818T022744Z,loan_to_credit,2,83,200,17.338200,
baseline,2,4,perf-baseline-r002-20260818T022744Z,loan_to_credit,2,84,200,16.530100,
baseline,2,4,perf-baseline-r002-20260818T022744Z,loan_to_credit,2,85,200,16.925100,
baseline,2,4,perf-baseline-r002-20260818T022744Z,loan_to_credit,2,86,200,16.687900,
baseline,2,4,perf-baseline-r002-20260818T022744Z,loan_to_credit,2,87,200,16.221600,
baseline,2,4,perf-baseline-r002-20260818T022744Z,loan_to_credit,2,88,200,16.166500,
baseline,2,4,perf-baseline-r002-20260818T022744Z,loan_to_credit,2,89,200,20.036700,
baseline,2,4,perf-baseline-r002-20260818T022744Z,loan_to_credit,2,90,200,19.022200,
baseline,2,4,perf-baseline-r002-20260818T022744Z,loan_to_credit,2,91,200,17.776900,
baseline,2,4,perf-baseline-r002-20260818T022744Z,loan_to_credit,2,92,200,17.427100,
baseline,2,4,perf-baseline-r002-20260818T022744Z,loan_to_credit,2,93,200,18.471800,
baseline,2,4,perf-baseline-r002-20260818T022744Z,loan_to_credit,2,94,200,20.355300,
baseline,2,4,perf-baseline-r002-20260818T022744Z,loan_to_credit,2,95,200,17.057600,
baseline,2,4,perf-baseline-r002-20260818T022744Z,loan_to_credit,2,96,200,17.427800,
baseline,2,4,perf-baseline-r002-20260818T022744Z,loan_to_credit,2,97,200,17.796000,
baseline,2,4,perf-baseline-r002-20260818T022744Z,loan_to_credit,2,98,200,17.826300,
baseline,2,4,perf-baseline-r002-20260818T022744Z,loan_to_credit,2,99,200,15.521600,
baseline,2,4,perf-baseline-r002-20260818T022744Z,loan_to_credit,2,100,200,16.290000,
baseline,2,4,perf-baseline-r002-20260818T022744Z,loan_to_credit,2,101,200,16.488100,
baseline,2,4,perf-baseline-r002-20260818T022744Z,loan_to_credit,2,102,200,16.857500,
baseline,2,4,perf-baseline-r002-20260818T022744Z,loan_to_credit,2,103,200,16.397300,
baseline,2,4,perf-baseline-r002-20260818T022744Z,loan_to_credit,2,104,200,15.906600,
baseline,2,4,perf-baseline-r002-20260818T022744Z,loan_to_credit,2,105,200,15.874400,
baseline,2,4,perf-baseline-r002-20260818T022744Z,loan_to_credit,2,106,200,16.300000,
baseline,2,4,perf-baseline-r002-20260818T022744Z,loan_to_credit,2,107,200,15.389400,
baseline,2,4,perf-baseline-r002-20260818T022744Z,loan_to_credit,2,108,200,16.227300,
baseline,2,4,perf-baseline-r002-20260818T022744Z,loan_to_credit,2,109,200,17.476600,
baseline,2,4,perf-baseline-r002-20260818T022744Z,loan_to_credit,2,110,200,16.784200,
baseline,2,4,perf-baseline-r002-20260818T022744Z,loan_to_credit,2,111,200,15.591400,
baseline,2,4,perf-baseline-r002-20260818T022744Z,loan_to_credit,2,112,200,16.240100,
baseline,2,4,perf-baseline-r002-20260818T022744Z,loan_to_credit,2,113,200,15.487200,
baseline,2,4,perf-baseline-r002-20260818T022744Z,loan_to_credit,2,114,200,16.154500,
baseline,2,4,perf-baseline-r002-20260818T022744Z,loan_to_credit,2,115,200,18.662400,
baseline,2,4,perf-baseline-r002-20260818T022744Z,loan_to_credit,2,116,200,16.794300,
baseline,2,4,perf-baseline-r002-20260818T022744Z,loan_to_credit,2,117,200,16.807000,
baseline,2,4,perf-baseline-r002-20260818T022744Z,loan_to_credit,2,118,200,17.193800,
baseline,2,4,perf-baseline-r002-20260818T022744Z,loan_to_credit,2,119,200,17.667300,
baseline,2,4,perf-baseline-r002-20260818T022744Z,loan_to_credit,2,120,200,18.768000,
baseline,2,4,perf-baseline-r002-20260818T022744Z,loan_to_credit,2,121,200,16.806800,
baseline,2,4,perf-baseline-r002-20260818T022744Z,loan_to_credit,2,122,200,16.555800,
baseline,2,4,perf-baseline-r002-20260818T022744Z,loan_to_credit,2,123,200,18.430600,
baseline,2,4,perf-baseline-r002-20260818T022744Z,loan_to_credit,2,124,200,16.831900,
baseline,2,4,perf-baseline-r002-20260818T022744Z,loan_to_credit,2,125,200,16.957400,
baseline,2,4,perf-baseline-r002-20260818T022744Z,loan_to_credit,2,126,200,18.390300,
baseline,2,4,perf-baseline-r002-20260818T022744Z,loan_to_credit,2,127,200,18.477700,
baseline,2,4,perf-baseline-r002-20260818T022744Z,loan_to_credit,2,128,200,17.492900,
baseline,2,4,perf-baseline-r002-20260818T022744Z,loan_to_credit,2,129,200,18.200700,
baseline,2,4,perf-baseline-r002-20260818T022744Z,loan_to_credit,2,130,200,18.563900,
baseline,2,4,perf-baseline-r002-20260818T022744Z,loan_to_credit,2,131,200,17.333000,
baseline,2,4,perf-baseline-r002-20260818T022744Z,loan_to_credit,2,132,200,19.426700,
baseline,2,4,perf-baseline-r002-20260818T022744Z,loan_to_credit,2,133,200,16.953100,
baseline,2,4,perf-baseline-r002-20260818T022744Z,loan_to_credit,2,134,200,16.939400,
baseline,2,4,perf-baseline-r002-20260818T022744Z,loan_to_credit,2,135,200,17.399300,
baseline,2,4,perf-baseline-r002-20260818T022744Z,loan_to_credit,2,136,200,19.415000,
baseline,2,4,perf-baseline-r002-20260818T022744Z,loan_to_credit,2,137,200,16.941900,
baseline,2,4,perf-baseline-r002-20260818T022744Z,loan_to_credit,2,138,200,16.999200,
baseline,2,4,perf-baseline-r002-20260818T022744Z,loan_to_credit,2,139,200,16.919100,
baseline,2,4,perf-baseline-r002-20260818T022744Z,loan_to_credit,2,140,200,17.237900,
baseline,2,4,perf-baseline-r002-20260818T022744Z,loan_to_credit,2,141,200,17.585100,
baseline,2,4,perf-baseline-r002-20260818T022744Z,loan_to_credit,2,142,200,17.844300,
baseline,2,4,perf-baseline-r002-20260818T022744Z,loan_to_credit,2,143,200,17.639000,
baseline,2,4,perf-baseline-r002-20260818T022744Z,loan_to_credit,2,144,200,17.116700,
baseline,2,4,perf-baseline-r002-20260818T022744Z,loan_to_credit,2,145,200,17.760500,
baseline,2,4,perf-baseline-r002-20260818T022744Z,loan_to_credit,2,146,200,17.622800,
baseline,2,4,perf-baseline-r002-20260818T022744Z,loan_to_credit,2,147,200,20.740500,
baseline,2,4,perf-baseline-r002-20260818T022744Z,loan_to_credit,2,148,200,17.860600,
baseline,2,4,perf-baseline-r002-20260818T022744Z,loan_to_credit,2,149,200,17.695700,
baseline,2,4,perf-baseline-r002-20260818T022744Z,loan_to_credit,2,150,200,18.343700,
baseline,2,4,perf-baseline-r002-20260818T022744Z,loan_to_credit,2,151,200,17.613200,
baseline,2,4,perf-baseline-r002-20260818T022744Z,loan_to_credit,2,152,200,16.822500,
baseline,2,4,perf-baseline-r002-20260818T022744Z,loan_to_credit,2,153,200,17.094900,
baseline,2,4,perf-baseline-r002-20260818T022744Z,loan_to_credit,2,154,200,17.461700,
baseline,2,4,perf-baseline-r002-20260818T022744Z,loan_to_credit,2,155,200,16.067600,
baseline,2,4,perf-baseline-r002-20260818T022744Z,loan_to_credit,2,156,200,16.074400,
baseline,2,4,perf-baseline-r002-20260818T022744Z,loan_to_credit,2,157,200,16.582700,
baseline,2,4,perf-baseline-r002-20260818T022744Z,loan_to_credit,2,158,200,16.405000,
baseline,2,4,perf-baseline-r002-20260818T022744Z,loan_to_credit,2,159,200,17.040200,
baseline,2,4,perf-baseline-r002-20260818T022744Z,loan_to_credit,2,160,200,15.755600,
baseline,2,4,perf-baseline-r002-20260818T022744Z,loan_to_credit,2,161,200,18.330500,
baseline,2,4,perf-baseline-r002-20260818T022744Z,loan_to_credit,2,162,200,22.417200,
baseline,2,4,perf-baseline-r002-20260818T022744Z,loan_to_credit,2,163,200,20.922900,
baseline,2,4,perf-baseline-r002-20260818T022744Z,loan_to_credit,2,164,200,17.966200,
baseline,2,4,perf-baseline-r002-20260818T022744Z,loan_to_credit,2,165,200,16.843600,
baseline,2,4,perf-baseline-r002-20260818T022744Z,loan_to_credit,2,166,200,17.036100,
baseline,2,4,perf-baseline-r002-20260818T022744Z,loan_to_credit,2,167,200,16.755000,
baseline,2,4,perf-baseline-r002-20260818T022744Z,loan_to_credit,2,168,200,16.936600,
baseline,2,4,perf-baseline-r002-20260818T022744Z,loan_to_credit,2,169,200,17.108400,
baseline,2,4,perf-baseline-r002-20260818T022744Z,loan_to_credit,2,170,200,16.436000,
baseline,2,4,perf-baseline-r002-20260818T022744Z,loan_to_credit,2,171,200,16.718200,
baseline,2,4,perf-baseline-r002-20260818T022744Z,loan_to_credit,2,172,200,17.692700,
baseline,2,4,perf-baseline-r002-20260818T022744Z,loan_to_credit,2,173,200,17.117100,
baseline,2,4,perf-baseline-r002-20260818T022744Z,loan_to_credit,2,174,200,16.824100,
baseline,2,4,perf-baseline-r002-20260818T022744Z,loan_to_credit,2,175,200,17.596600,
baseline,2,4,perf-baseline-r002-20260818T022744Z,loan_to_credit,2,176,200,17.021700,
baseline,2,4,perf-baseline-r002-20260818T022744Z,loan_to_credit,2,177,200,15.673000,
baseline,2,4,perf-baseline-r002-20260818T022744Z,loan_to_credit,2,178,200,16.167500,
baseline,2,4,perf-baseline-r002-20260818T022744Z,loan_to_credit,2,179,200,15.802900,
baseline,2,4,perf-baseline-r002-20260818T022744Z,loan_to_credit,2,180,200,16.084700,
baseline,2,4,perf-baseline-r002-20260818T022744Z,loan_to_credit,2,181,200,16.404700,
baseline,2,4,perf-baseline-r002-20260818T022744Z,loan_to_credit,2,182,200,16.939300,
baseline,2,4,perf-baseline-r002-20260818T022744Z,loan_to_credit,2,183,200,16.693600,
baseline,2,4,perf-baseline-r002-20260818T022744Z,loan_to_credit,2,184,200,16.142300,
baseline,2,4,perf-baseline-r002-20260818T022744Z,loan_to_credit,2,185,200,16.088600,
baseline,2,4,perf-baseline-r002-20260818T022744Z,loan_to_credit,2,186,200,15.262300,
baseline,2,4,perf-baseline-r002-20260818T022744Z,loan_to_credit,2,187,200,16.257500,
baseline,2,4,perf-baseline-r002-20260818T022744Z,loan_to_credit,2,188,200,16.151200,
baseline,2,4,perf-baseline-r002-20260818T022744Z,loan_to_credit,2,189,200,17.288900,
baseline,2,4,perf-baseline-r002-20260818T022744Z,loan_to_credit,2,190,200,15.611500,
baseline,2,4,perf-baseline-r002-20260818T022744Z,loan_to_credit,2,191,200,15.935900,
baseline,2,4,perf-baseline-r002-20260818T022744Z,loan_to_credit,2,192,200,17.211100,
baseline,2,4,perf-baseline-r002-20260818T022744Z,loan_to_credit,2,193,200,16.992800,
baseline,2,4,perf-baseline-r002-20260818T022744Z,loan_to_credit,2,194,200,16.243600,
baseline,2,4,perf-baseline-r002-20260818T022744Z,loan_to_credit,2,195,200,16.151800,
baseline,2,4,perf-baseline-r002-20260818T022744Z,loan_to_credit,2,196,200,15.838100,
baseline,2,4,perf-baseline-r002-20260818T022744Z,loan_to_credit,2,197,200,16.136400,
baseline,2,4,perf-baseline-r002-20260818T022744Z,loan_to_credit,2,198,200,16.020900,
baseline,2,4,perf-baseline-r002-20260818T022744Z,loan_to_credit,2,199,200,15.979700,
baseline,2,4,perf-baseline-r002-20260818T022744Z,loan_to_credit,2,200,200,16.198500,
baseline,2,4,perf-baseline-r002-20260818T022744Z,loan_to_credit,3,1,200,15.724000,
baseline,2,4,perf-baseline-r002-20260818T022744Z,loan_to_credit,3,2,200,16.510400,
baseline,2,4,perf-baseline-r002-20260818T022744Z,loan_to_credit,3,3,200,16.591400,
baseline,2,4,perf-baseline-r002-20260818T022744Z,loan_to_credit,3,4,200,16.216100,
baseline,2,4,perf-baseline-r002-20260818T022744Z,loan_to_credit,3,5,200,16.051100,
baseline,2,4,perf-baseline-r002-20260818T022744Z,loan_to_credit,3,6,200,17.295800,
baseline,2,4,perf-baseline-r002-20260818T022744Z,loan_to_credit,3,7,200,16.514900,
baseline,2,4,perf-baseline-r002-20260818T022744Z,loan_to_credit,3,8,200,15.880200,
baseline,2,4,perf-baseline-r002-20260818T022744Z,loan_to_credit,3,9,200,17.044200,
baseline,2,4,perf-baseline-r002-20260818T022744Z,loan_to_credit,3,10,200,15.460800,
baseline,2,4,perf-baseline-r002-20260818T022744Z,loan_to_credit,3,11,200,16.564400,
baseline,2,4,perf-baseline-r002-20260818T022744Z,loan_to_credit,3,12,200,15.703700,
baseline,2,4,perf-baseline-r002-20260818T022744Z,loan_to_credit,3,13,200,16.121500,
baseline,2,4,perf-baseline-r002-20260818T022744Z,loan_to_credit,3,14,200,15.839100,
baseline,2,4,perf-baseline-r002-20260818T022744Z,loan_to_credit,3,15,200,16.094600,
baseline,2,4,perf-baseline-r002-20260818T022744Z,loan_to_credit,3,16,200,15.757300,
baseline,2,4,perf-baseline-r002-20260818T022744Z,loan_to_credit,3,17,200,16.572200,
baseline,2,4,perf-baseline-r002-20260818T022744Z,loan_to_credit,3,18,200,17.438800,
baseline,2,4,perf-baseline-r002-20260818T022744Z,loan_to_credit,3,19,200,16.509600,
baseline,2,4,perf-baseline-r002-20260818T022744Z,loan_to_credit,3,20,200,16.803400,
baseline,2,4,perf-baseline-r002-20260818T022744Z,loan_to_credit,3,21,200,17.368700,
baseline,2,4,perf-baseline-r002-20260818T022744Z,loan_to_credit,3,22,200,17.885500,
baseline,2,4,perf-baseline-r002-20260818T022744Z,loan_to_credit,3,23,200,17.145200,
baseline,2,4,perf-baseline-r002-20260818T022744Z,loan_to_credit,3,24,200,16.398600,
baseline,2,4,perf-baseline-r002-20260818T022744Z,loan_to_credit,3,25,200,16.063300,
baseline,2,4,perf-baseline-r002-20260818T022744Z,loan_to_credit,3,26,200,17.048600,
baseline,2,4,perf-baseline-r002-20260818T022744Z,loan_to_credit,3,27,200,15.894500,
baseline,2,4,perf-baseline-r002-20260818T022744Z,loan_to_credit,3,28,200,16.006700,
baseline,2,4,perf-baseline-r002-20260818T022744Z,loan_to_credit,3,29,200,17.101900,
baseline,2,4,perf-baseline-r002-20260818T022744Z,loan_to_credit,3,30,200,16.937400,
baseline,2,4,perf-baseline-r002-20260818T022744Z,loan_to_credit,3,31,200,15.723800,
baseline,2,4,perf-baseline-r002-20260818T022744Z,loan_to_credit,3,32,200,15.768000,
baseline,2,4,perf-baseline-r002-20260818T022744Z,loan_to_credit,3,33,200,16.498900,
baseline,2,4,perf-baseline-r002-20260818T022744Z,loan_to_credit,3,34,200,17.142400,
baseline,2,4,perf-baseline-r002-20260818T022744Z,loan_to_credit,3,35,200,16.688600,
baseline,2,4,perf-baseline-r002-20260818T022744Z,loan_to_credit,3,36,200,16.013500,
baseline,2,4,perf-baseline-r002-20260818T022744Z,loan_to_credit,3,37,200,16.879700,
baseline,2,4,perf-baseline-r002-20260818T022744Z,loan_to_credit,3,38,200,16.115800,
baseline,2,4,perf-baseline-r002-20260818T022744Z,loan_to_credit,3,39,200,16.754700,
baseline,2,4,perf-baseline-r002-20260818T022744Z,loan_to_credit,3,40,200,16.157600,
baseline,2,4,perf-baseline-r002-20260818T022744Z,loan_to_credit,3,41,200,15.892500,
baseline,2,4,perf-baseline-r002-20260818T022744Z,loan_to_credit,3,42,200,16.108000,
baseline,2,4,perf-baseline-r002-20260818T022744Z,loan_to_credit,3,43,200,16.013900,
baseline,2,4,perf-baseline-r002-20260818T022744Z,loan_to_credit,3,44,200,16.318900,
baseline,2,4,perf-baseline-r002-20260818T022744Z,loan_to_credit,3,45,200,16.421400,
baseline,2,4,perf-baseline-r002-20260818T022744Z,loan_to_credit,3,46,200,15.967400,
baseline,2,4,perf-baseline-r002-20260818T022744Z,loan_to_credit,3,47,200,15.919100,
baseline,2,4,perf-baseline-r002-20260818T022744Z,loan_to_credit,3,48,200,16.054400,
baseline,2,4,perf-baseline-r002-20260818T022744Z,loan_to_credit,3,49,200,15.953100,
baseline,2,4,perf-baseline-r002-20260818T022744Z,loan_to_credit,3,50,200,15.791000,
baseline,2,4,perf-baseline-r002-20260818T022744Z,loan_to_credit,3,51,200,16.334500,
baseline,2,4,perf-baseline-r002-20260818T022744Z,loan_to_credit,3,52,200,16.707800,
baseline,2,4,perf-baseline-r002-20260818T022744Z,loan_to_credit,3,53,200,15.991600,
baseline,2,4,perf-baseline-r002-20260818T022744Z,loan_to_credit,3,54,200,18.500900,
baseline,2,4,perf-baseline-r002-20260818T022744Z,loan_to_credit,3,55,200,19.466700,
baseline,2,4,perf-baseline-r002-20260818T022744Z,loan_to_credit,3,56,200,16.265000,
baseline,2,4,perf-baseline-r002-20260818T022744Z,loan_to_credit,3,57,200,16.821400,
baseline,2,4,perf-baseline-r002-20260818T022744Z,loan_to_credit,3,58,200,16.889200,
baseline,2,4,perf-baseline-r002-20260818T022744Z,loan_to_credit,3,59,200,17.398100,
baseline,2,4,perf-baseline-r002-20260818T022744Z,loan_to_credit,3,60,200,16.550200,
baseline,2,4,perf-baseline-r002-20260818T022744Z,loan_to_credit,3,61,200,16.101600,
baseline,2,4,perf-baseline-r002-20260818T022744Z,loan_to_credit,3,62,200,15.813200,
baseline,2,4,perf-baseline-r002-20260818T022744Z,loan_to_credit,3,63,200,16.250200,
baseline,2,4,perf-baseline-r002-20260818T022744Z,loan_to_credit,3,64,200,16.923300,
baseline,2,4,perf-baseline-r002-20260818T022744Z,loan_to_credit,3,65,200,20.898100,
baseline,2,4,perf-baseline-r002-20260818T022744Z,loan_to_credit,3,66,200,18.408400,
baseline,2,4,perf-baseline-r002-20260818T022744Z,loan_to_credit,3,67,200,16.800600,
baseline,2,4,perf-baseline-r002-20260818T022744Z,loan_to_credit,3,68,200,16.942900,
baseline,2,4,perf-baseline-r002-20260818T022744Z,loan_to_credit,3,69,200,16.971300,
baseline,2,4,perf-baseline-r002-20260818T022744Z,loan_to_credit,3,70,200,16.418200,
baseline,2,4,perf-baseline-r002-20260818T022744Z,loan_to_credit,3,71,200,16.403400,
baseline,2,4,perf-baseline-r002-20260818T022744Z,loan_to_credit,3,72,200,15.614200,
baseline,2,4,perf-baseline-r002-20260818T022744Z,loan_to_credit,3,73,200,15.205300,
baseline,2,4,perf-baseline-r002-20260818T022744Z,loan_to_credit,3,74,200,16.052400,
baseline,2,4,perf-baseline-r002-20260818T022744Z,loan_to_credit,3,75,200,15.972900,
baseline,2,4,perf-baseline-r002-20260818T022744Z,loan_to_credit,3,76,200,16.240200,
baseline,2,4,perf-baseline-r002-20260818T022744Z,loan_to_credit,3,77,200,16.824200,
baseline,2,4,perf-baseline-r002-20260818T022744Z,loan_to_credit,3,78,200,16.924300,
baseline,2,4,perf-baseline-r002-20260818T022744Z,loan_to_credit,3,79,200,16.010000,
baseline,2,4,perf-baseline-r002-20260818T022744Z,loan_to_credit,3,80,200,15.852800,
baseline,2,4,perf-baseline-r002-20260818T022744Z,loan_to_credit,3,81,200,16.031300,
baseline,2,4,perf-baseline-r002-20260818T022744Z,loan_to_credit,3,82,200,16.228000,
baseline,2,4,perf-baseline-r002-20260818T022744Z,loan_to_credit,3,83,200,17.161400,
baseline,2,4,perf-baseline-r002-20260818T022744Z,loan_to_credit,3,84,200,16.574300,
baseline,2,4,perf-baseline-r002-20260818T022744Z,loan_to_credit,3,85,200,16.061600,
baseline,2,4,perf-baseline-r002-20260818T022744Z,loan_to_credit,3,86,200,15.976100,
baseline,2,4,perf-baseline-r002-20260818T022744Z,loan_to_credit,3,87,200,15.717500,
baseline,2,4,perf-baseline-r002-20260818T022744Z,loan_to_credit,3,88,200,16.095700,
baseline,2,4,perf-baseline-r002-20260818T022744Z,loan_to_credit,3,89,200,16.030000,
baseline,2,4,perf-baseline-r002-20260818T022744Z,loan_to_credit,3,90,200,15.635300,
baseline,2,4,perf-baseline-r002-20260818T022744Z,loan_to_credit,3,91,200,16.204500,
baseline,2,4,perf-baseline-r002-20260818T022744Z,loan_to_credit,3,92,200,15.903600,
baseline,2,4,perf-baseline-r002-20260818T022744Z,loan_to_credit,3,93,200,15.928700,
baseline,2,4,perf-baseline-r002-20260818T022744Z,loan_to_credit,3,94,200,16.044800,
baseline,2,4,perf-baseline-r002-20260818T022744Z,loan_to_credit,3,95,200,15.800100,
baseline,2,4,perf-baseline-r002-20260818T022744Z,loan_to_credit,3,96,200,16.322800,
baseline,2,4,perf-baseline-r002-20260818T022744Z,loan_to_credit,3,97,200,15.984600,
baseline,2,4,perf-baseline-r002-20260818T022744Z,loan_to_credit,3,98,200,16.461000,
baseline,2,4,perf-baseline-r002-20260818T022744Z,loan_to_credit,3,99,200,16.029300,
baseline,2,4,perf-baseline-r002-20260818T022744Z,loan_to_credit,3,100,200,16.346600,
baseline,2,4,perf-baseline-r002-20260818T022744Z,loan_to_credit,3,101,200,15.717700,
baseline,2,4,perf-baseline-r002-20260818T022744Z,loan_to_credit,3,102,200,16.065700,
baseline,2,4,perf-baseline-r002-20260818T022744Z,loan_to_credit,3,103,200,15.969300,
baseline,2,4,perf-baseline-r002-20260818T022744Z,loan_to_credit,3,104,200,15.115600,
baseline,2,4,perf-baseline-r002-20260818T022744Z,loan_to_credit,3,105,200,15.956800,
baseline,2,4,perf-baseline-r002-20260818T022744Z,loan_to_credit,3,106,200,16.118200,
baseline,2,4,perf-baseline-r002-20260818T022744Z,loan_to_credit,3,107,200,15.732900,
baseline,2,4,perf-baseline-r002-20260818T022744Z,loan_to_credit,3,108,200,15.166100,
baseline,2,4,perf-baseline-r002-20260818T022744Z,loan_to_credit,3,109,200,15.687100,
baseline,2,4,perf-baseline-r002-20260818T022744Z,loan_to_credit,3,110,200,14.691100,
baseline,2,4,perf-baseline-r002-20260818T022744Z,loan_to_credit,3,111,200,15.351000,
baseline,2,4,perf-baseline-r002-20260818T022744Z,loan_to_credit,3,112,200,16.177500,
baseline,2,4,perf-baseline-r002-20260818T022744Z,loan_to_credit,3,113,200,15.697400,
baseline,2,4,perf-baseline-r002-20260818T022744Z,loan_to_credit,3,114,200,16.002000,
baseline,2,4,perf-baseline-r002-20260818T022744Z,loan_to_credit,3,115,200,16.313900,
baseline,2,4,perf-baseline-r002-20260818T022744Z,loan_to_credit,3,116,200,15.933400,
baseline,2,4,perf-baseline-r002-20260818T022744Z,loan_to_credit,3,117,200,15.830000,
baseline,2,4,perf-baseline-r002-20260818T022744Z,loan_to_credit,3,118,200,16.087900,
baseline,2,4,perf-baseline-r002-20260818T022744Z,loan_to_credit,3,119,200,15.970900,
baseline,2,4,perf-baseline-r002-20260818T022744Z,loan_to_credit,3,120,200,16.501600,
baseline,2,4,perf-baseline-r002-20260818T022744Z,loan_to_credit,3,121,200,16.397600,
baseline,2,4,perf-baseline-r002-20260818T022744Z,loan_to_credit,3,122,200,15.938300,
baseline,2,4,perf-baseline-r002-20260818T022744Z,loan_to_credit,3,123,200,17.560300,
baseline,2,4,perf-baseline-r002-20260818T022744Z,loan_to_credit,3,124,200,16.594500,
baseline,2,4,perf-baseline-r002-20260818T022744Z,loan_to_credit,3,125,200,17.548600,
baseline,2,4,perf-baseline-r002-20260818T022744Z,loan_to_credit,3,126,200,16.599000,
baseline,2,4,perf-baseline-r002-20260818T022744Z,loan_to_credit,3,127,200,17.008500,
baseline,2,4,perf-baseline-r002-20260818T022744Z,loan_to_credit,3,128,200,16.715000,
baseline,2,4,perf-baseline-r002-20260818T022744Z,loan_to_credit,3,129,200,17.111500,
baseline,2,4,perf-baseline-r002-20260818T022744Z,loan_to_credit,3,130,200,15.984800,
baseline,2,4,perf-baseline-r002-20260818T022744Z,loan_to_credit,3,131,200,17.074700,
baseline,2,4,perf-baseline-r002-20260818T022744Z,loan_to_credit,3,132,200,17.156600,
baseline,2,4,perf-baseline-r002-20260818T022744Z,loan_to_credit,3,133,200,16.436700,
baseline,2,4,perf-baseline-r002-20260818T022744Z,loan_to_credit,3,134,200,16.077800,
baseline,2,4,perf-baseline-r002-20260818T022744Z,loan_to_credit,3,135,200,17.202100,
baseline,2,4,perf-baseline-r002-20260818T022744Z,loan_to_credit,3,136,200,16.870400,
baseline,2,4,perf-baseline-r002-20260818T022744Z,loan_to_credit,3,137,200,16.035600,
baseline,2,4,perf-baseline-r002-20260818T022744Z,loan_to_credit,3,138,200,16.024100,
baseline,2,4,perf-baseline-r002-20260818T022744Z,loan_to_credit,3,139,200,15.855800,
baseline,2,4,perf-baseline-r002-20260818T022744Z,loan_to_credit,3,140,200,15.997800,
baseline,2,4,perf-baseline-r002-20260818T022744Z,loan_to_credit,3,141,200,15.926400,
baseline,2,4,perf-baseline-r002-20260818T022744Z,loan_to_credit,3,142,200,15.802800,
baseline,2,4,perf-baseline-r002-20260818T022744Z,loan_to_credit,3,143,200,16.120800,
baseline,2,4,perf-baseline-r002-20260818T022744Z,loan_to_credit,3,144,200,16.097600,
baseline,2,4,perf-baseline-r002-20260818T022744Z,loan_to_credit,3,145,200,17.932400,
baseline,2,4,perf-baseline-r002-20260818T022744Z,loan_to_credit,3,146,200,17.107100,
baseline,2,4,perf-baseline-r002-20260818T022744Z,loan_to_credit,3,147,200,16.829300,
baseline,2,4,perf-baseline-r002-20260818T022744Z,loan_to_credit,3,148,200,17.887300,
baseline,2,4,perf-baseline-r002-20260818T022744Z,loan_to_credit,3,149,200,18.177700,
baseline,2,4,perf-baseline-r002-20260818T022744Z,loan_to_credit,3,150,200,17.587400,
baseline,2,4,perf-baseline-r002-20260818T022744Z,loan_to_credit,3,151,200,17.660800,
baseline,2,4,perf-baseline-r002-20260818T022744Z,loan_to_credit,3,152,200,17.616500,
baseline,2,4,perf-baseline-r002-20260818T022744Z,loan_to_credit,3,153,200,16.842700,
baseline,2,4,perf-baseline-r002-20260818T022744Z,loan_to_credit,3,154,200,15.839300,
baseline,2,4,perf-baseline-r002-20260818T022744Z,loan_to_credit,3,155,200,17.368300,
baseline,2,4,perf-baseline-r002-20260818T022744Z,loan_to_credit,3,156,200,18.104300,
baseline,2,4,perf-baseline-r002-20260818T022744Z,loan_to_credit,3,157,200,18.535200,
baseline,2,4,perf-baseline-r002-20260818T022744Z,loan_to_credit,3,158,200,18.073500,
baseline,2,4,perf-baseline-r002-20260818T022744Z,loan_to_credit,3,159,200,18.121500,
baseline,2,4,perf-baseline-r002-20260818T022744Z,loan_to_credit,3,160,200,17.562800,
baseline,2,4,perf-baseline-r002-20260818T022744Z,loan_to_credit,3,161,200,16.935000,
baseline,2,4,perf-baseline-r002-20260818T022744Z,loan_to_credit,3,162,200,16.480400,
baseline,2,4,perf-baseline-r002-20260818T022744Z,loan_to_credit,3,163,200,16.974500,
baseline,2,4,perf-baseline-r002-20260818T022744Z,loan_to_credit,3,164,200,17.946500,
baseline,2,4,perf-baseline-r002-20260818T022744Z,loan_to_credit,3,165,200,15.825400,
baseline,2,4,perf-baseline-r002-20260818T022744Z,loan_to_credit,3,166,200,16.914000,
baseline,2,4,perf-baseline-r002-20260818T022744Z,loan_to_credit,3,167,200,16.012300,
baseline,2,4,perf-baseline-r002-20260818T022744Z,loan_to_credit,3,168,200,16.041300,
baseline,2,4,perf-baseline-r002-20260818T022744Z,loan_to_credit,3,169,200,16.132000,
baseline,2,4,perf-baseline-r002-20260818T022744Z,loan_to_credit,3,170,200,15.939300,
baseline,2,4,perf-baseline-r002-20260818T022744Z,loan_to_credit,3,171,200,16.897400,
baseline,2,4,perf-baseline-r002-20260818T022744Z,loan_to_credit,3,172,200,17.357300,
baseline,2,4,perf-baseline-r002-20260818T022744Z,loan_to_credit,3,173,200,17.151900,
baseline,2,4,perf-baseline-r002-20260818T022744Z,loan_to_credit,3,174,200,16.278000,
baseline,2,4,perf-baseline-r002-20260818T022744Z,loan_to_credit,3,175,200,17.175800,
baseline,2,4,perf-baseline-r002-20260818T022744Z,loan_to_credit,3,176,200,16.084700,
baseline,2,4,perf-baseline-r002-20260818T022744Z,loan_to_credit,3,177,200,15.784100,
baseline,2,4,perf-baseline-r002-20260818T022744Z,loan_to_credit,3,178,200,17.275700,
baseline,2,4,perf-baseline-r002-20260818T022744Z,loan_to_credit,3,179,200,16.790500,
baseline,2,4,perf-baseline-r002-20260818T022744Z,loan_to_credit,3,180,200,15.906200,
baseline,2,4,perf-baseline-r002-20260818T022744Z,loan_to_credit,3,181,200,16.628200,
baseline,2,4,perf-baseline-r002-20260818T022744Z,loan_to_credit,3,182,200,16.040700,
baseline,2,4,perf-baseline-r002-20260818T022744Z,loan_to_credit,3,183,200,16.788700,
baseline,2,4,perf-baseline-r002-20260818T022744Z,loan_to_credit,3,184,200,16.634900,
baseline,2,4,perf-baseline-r002-20260818T022744Z,loan_to_credit,3,185,200,16.683400,
baseline,2,4,perf-baseline-r002-20260818T022744Z,loan_to_credit,3,186,200,16.759500,
baseline,2,4,perf-baseline-r002-20260818T022744Z,loan_to_credit,3,187,200,17.759500,
baseline,2,4,perf-baseline-r002-20260818T022744Z,loan_to_credit,3,188,200,19.011400,
baseline,2,4,perf-baseline-r002-20260818T022744Z,loan_to_credit,3,189,200,16.302800,
baseline,2,4,perf-baseline-r002-20260818T022744Z,loan_to_credit,3,190,200,16.287000,
baseline,2,4,perf-baseline-r002-20260818T022744Z,loan_to_credit,3,191,200,15.617000,
baseline,2,4,perf-baseline-r002-20260818T022744Z,loan_to_credit,3,192,200,16.239700,
baseline,2,4,perf-baseline-r002-20260818T022744Z,loan_to_credit,3,193,200,18.201900,
baseline,2,4,perf-baseline-r002-20260818T022744Z,loan_to_credit,3,194,200,17.523300,
baseline,2,4,perf-baseline-r002-20260818T022744Z,loan_to_credit,3,195,200,17.369000,
baseline,2,4,perf-baseline-r002-20260818T022744Z,loan_to_credit,3,196,200,17.394700,
baseline,2,4,perf-baseline-r002-20260818T022744Z,loan_to_credit,3,197,200,18.799600,
baseline,2,4,perf-baseline-r002-20260818T022744Z,loan_to_credit,3,198,200,16.756400,
baseline,2,4,perf-baseline-r002-20260818T022744Z,loan_to_credit,3,199,200,16.757300,
baseline,2,4,perf-baseline-r002-20260818T022744Z,loan_to_credit,3,200,200,17.118200,
baseline,2,4,perf-baseline-r002-20260818T022744Z,loan_to_aml,1,1,200,15.666000,
baseline,2,4,perf-baseline-r002-20260818T022744Z,loan_to_aml,1,2,200,16.792200,
baseline,2,4,perf-baseline-r002-20260818T022744Z,loan_to_aml,1,3,200,16.084100,
baseline,2,4,perf-baseline-r002-20260818T022744Z,loan_to_aml,1,4,200,17.860000,
baseline,2,4,perf-baseline-r002-20260818T022744Z,loan_to_aml,1,5,200,17.033700,
baseline,2,4,perf-baseline-r002-20260818T022744Z,loan_to_aml,1,6,200,15.993700,
baseline,2,4,perf-baseline-r002-20260818T022744Z,loan_to_aml,1,7,200,16.107200,
baseline,2,4,perf-baseline-r002-20260818T022744Z,loan_to_aml,1,8,200,16.050800,
baseline,2,4,perf-baseline-r002-20260818T022744Z,loan_to_aml,1,9,200,15.970000,
baseline,2,4,perf-baseline-r002-20260818T022744Z,loan_to_aml,1,10,200,16.341100,
baseline,2,4,perf-baseline-r002-20260818T022744Z,loan_to_aml,1,11,200,16.599600,
baseline,2,4,perf-baseline-r002-20260818T022744Z,loan_to_aml,1,12,200,15.786800,
baseline,2,4,perf-baseline-r002-20260818T022744Z,loan_to_aml,1,13,200,16.051100,
baseline,2,4,perf-baseline-r002-20260818T022744Z,loan_to_aml,1,14,200,15.953900,
baseline,2,4,perf-baseline-r002-20260818T022744Z,loan_to_aml,1,15,200,17.097500,
baseline,2,4,perf-baseline-r002-20260818T022744Z,loan_to_aml,1,16,200,15.671700,
baseline,2,4,perf-baseline-r002-20260818T022744Z,loan_to_aml,1,17,200,16.313900,
baseline,2,4,perf-baseline-r002-20260818T022744Z,loan_to_aml,1,18,200,17.045300,
baseline,2,4,perf-baseline-r002-20260818T022744Z,loan_to_aml,1,19,200,15.812600,
baseline,2,4,perf-baseline-r002-20260818T022744Z,loan_to_aml,1,20,200,15.781300,
baseline,2,4,perf-baseline-r002-20260818T022744Z,loan_to_aml,1,21,200,15.902300,
baseline,2,4,perf-baseline-r002-20260818T022744Z,loan_to_aml,1,22,200,15.862700,
baseline,2,4,perf-baseline-r002-20260818T022744Z,loan_to_aml,1,23,200,15.813500,
baseline,2,4,perf-baseline-r002-20260818T022744Z,loan_to_aml,1,24,200,16.210500,
baseline,2,4,perf-baseline-r002-20260818T022744Z,loan_to_aml,1,25,200,16.160500,
baseline,2,4,perf-baseline-r002-20260818T022744Z,loan_to_aml,1,26,200,17.002200,
baseline,2,4,perf-baseline-r002-20260818T022744Z,loan_to_aml,1,27,200,16.735100,
baseline,2,4,perf-baseline-r002-20260818T022744Z,loan_to_aml,1,28,200,17.669400,
baseline,2,4,perf-baseline-r002-20260818T022744Z,loan_to_aml,1,29,200,16.392700,
baseline,2,4,perf-baseline-r002-20260818T022744Z,loan_to_aml,1,30,200,15.989700,
baseline,2,4,perf-baseline-r002-20260818T022744Z,loan_to_aml,1,31,200,15.944400,
baseline,2,4,perf-baseline-r002-20260818T022744Z,loan_to_aml,1,32,200,15.818300,
baseline,2,4,perf-baseline-r002-20260818T022744Z,loan_to_aml,1,33,200,15.095000,
baseline,2,4,perf-baseline-r002-20260818T022744Z,loan_to_aml,1,34,200,15.056000,
baseline,2,4,perf-baseline-r002-20260818T022744Z,loan_to_aml,1,35,200,16.002200,
baseline,2,4,perf-baseline-r002-20260818T022744Z,loan_to_aml,1,36,200,16.126600,
baseline,2,4,perf-baseline-r002-20260818T022744Z,loan_to_aml,1,37,200,15.803200,
baseline,2,4,perf-baseline-r002-20260818T022744Z,loan_to_aml,1,38,200,16.083000,
baseline,2,4,perf-baseline-r002-20260818T022744Z,loan_to_aml,1,39,200,15.911800,
baseline,2,4,perf-baseline-r002-20260818T022744Z,loan_to_aml,1,40,200,16.220500,
baseline,2,4,perf-baseline-r002-20260818T022744Z,loan_to_aml,1,41,200,15.839500,
baseline,2,4,perf-baseline-r002-20260818T022744Z,loan_to_aml,1,42,200,15.953400,
baseline,2,4,perf-baseline-r002-20260818T022744Z,loan_to_aml,1,43,200,15.961100,
baseline,2,4,perf-baseline-r002-20260818T022744Z,loan_to_aml,1,44,200,16.016300,
baseline,2,4,perf-baseline-r002-20260818T022744Z,loan_to_aml,1,45,200,15.950100,
baseline,2,4,perf-baseline-r002-20260818T022744Z,loan_to_aml,1,46,200,15.798100,
baseline,2,4,perf-baseline-r002-20260818T022744Z,loan_to_aml,1,47,200,16.221600,
baseline,2,4,perf-baseline-r002-20260818T022744Z,loan_to_aml,1,48,200,15.738300,
baseline,2,4,perf-baseline-r002-20260818T022744Z,loan_to_aml,1,49,200,16.111600,
baseline,2,4,perf-baseline-r002-20260818T022744Z,loan_to_aml,1,50,200,15.864800,
baseline,2,4,perf-baseline-r002-20260818T022744Z,loan_to_aml,1,51,200,16.695500,
baseline,2,4,perf-baseline-r002-20260818T022744Z,loan_to_aml,1,52,200,17.085000,
baseline,2,4,perf-baseline-r002-20260818T022744Z,loan_to_aml,1,53,200,16.190400,
baseline,2,4,perf-baseline-r002-20260818T022744Z,loan_to_aml,1,54,200,16.069300,
baseline,2,4,perf-baseline-r002-20260818T022744Z,loan_to_aml,1,55,200,17.743200,
baseline,2,4,perf-baseline-r002-20260818T022744Z,loan_to_aml,1,56,200,16.304600,
baseline,2,4,perf-baseline-r002-20260818T022744Z,loan_to_aml,1,57,200,16.616000,
baseline,2,4,perf-baseline-r002-20260818T022744Z,loan_to_aml,1,58,200,16.242900,
baseline,2,4,perf-baseline-r002-20260818T022744Z,loan_to_aml,1,59,200,16.653300,
baseline,2,4,perf-baseline-r002-20260818T022744Z,loan_to_aml,1,60,200,19.741700,
baseline,2,4,perf-baseline-r002-20260818T022744Z,loan_to_aml,1,61,200,15.281700,
baseline,2,4,perf-baseline-r002-20260818T022744Z,loan_to_aml,1,62,200,15.900200,
baseline,2,4,perf-baseline-r002-20260818T022744Z,loan_to_aml,1,63,200,16.457700,
baseline,2,4,perf-baseline-r002-20260818T022744Z,loan_to_aml,1,64,200,15.583900,
baseline,2,4,perf-baseline-r002-20260818T022744Z,loan_to_aml,1,65,200,15.475800,
baseline,2,4,perf-baseline-r002-20260818T022744Z,loan_to_aml,1,66,200,17.618000,
baseline,2,4,perf-baseline-r002-20260818T022744Z,loan_to_aml,1,67,200,16.118700,
baseline,2,4,perf-baseline-r002-20260818T022744Z,loan_to_aml,1,68,200,15.824900,
baseline,2,4,perf-baseline-r002-20260818T022744Z,loan_to_aml,1,69,200,16.023000,
baseline,2,4,perf-baseline-r002-20260818T022744Z,loan_to_aml,1,70,200,16.016600,
baseline,2,4,perf-baseline-r002-20260818T022744Z,loan_to_aml,1,71,200,15.885300,
baseline,2,4,perf-baseline-r002-20260818T022744Z,loan_to_aml,1,72,200,15.058800,
baseline,2,4,perf-baseline-r002-20260818T022744Z,loan_to_aml,1,73,200,15.938400,
baseline,2,4,perf-baseline-r002-20260818T022744Z,loan_to_aml,1,74,200,16.106500,
baseline,2,4,perf-baseline-r002-20260818T022744Z,loan_to_aml,1,75,200,16.066200,
baseline,2,4,perf-baseline-r002-20260818T022744Z,loan_to_aml,1,76,200,16.483400,
baseline,2,4,perf-baseline-r002-20260818T022744Z,loan_to_aml,1,77,200,16.561900,
baseline,2,4,perf-baseline-r002-20260818T022744Z,loan_to_aml,1,78,200,16.811600,
baseline,2,4,perf-baseline-r002-20260818T022744Z,loan_to_aml,1,79,200,15.739600,
baseline,2,4,perf-baseline-r002-20260818T022744Z,loan_to_aml,1,80,200,16.136000,
baseline,2,4,perf-baseline-r002-20260818T022744Z,loan_to_aml,1,81,200,17.178900,
baseline,2,4,perf-baseline-r002-20260818T022744Z,loan_to_aml,1,82,200,15.861200,
baseline,2,4,perf-baseline-r002-20260818T022744Z,loan_to_aml,1,83,200,17.443700,
baseline,2,4,perf-baseline-r002-20260818T022744Z,loan_to_aml,1,84,200,16.552100,
baseline,2,4,perf-baseline-r002-20260818T022744Z,loan_to_aml,1,85,200,16.063700,
baseline,2,4,perf-baseline-r002-20260818T022744Z,loan_to_aml,1,86,200,15.515900,
baseline,2,4,perf-baseline-r002-20260818T022744Z,loan_to_aml,1,87,200,16.117700,
baseline,2,4,perf-baseline-r002-20260818T022744Z,loan_to_aml,1,88,200,16.633200,
baseline,2,4,perf-baseline-r002-20260818T022744Z,loan_to_aml,1,89,200,16.816400,
baseline,2,4,perf-baseline-r002-20260818T022744Z,loan_to_aml,1,90,200,16.847600,
baseline,2,4,perf-baseline-r002-20260818T022744Z,loan_to_aml,1,91,200,16.932300,
baseline,2,4,perf-baseline-r002-20260818T022744Z,loan_to_aml,1,92,200,16.714600,
baseline,2,4,perf-baseline-r002-20260818T022744Z,loan_to_aml,1,93,200,15.969800,
baseline,2,4,perf-baseline-r002-20260818T022744Z,loan_to_aml,1,94,200,16.084600,
baseline,2,4,perf-baseline-r002-20260818T022744Z,loan_to_aml,1,95,200,15.826700,
baseline,2,4,perf-baseline-r002-20260818T022744Z,loan_to_aml,1,96,200,15.897400,
baseline,2,4,perf-baseline-r002-20260818T022744Z,loan_to_aml,1,97,200,16.039000,
baseline,2,4,perf-baseline-r002-20260818T022744Z,loan_to_aml,1,98,200,16.064700,
baseline,2,4,perf-baseline-r002-20260818T022744Z,loan_to_aml,1,99,200,16.041900,
baseline,2,4,perf-baseline-r002-20260818T022744Z,loan_to_aml,1,100,200,15.900500,
baseline,2,4,perf-baseline-r002-20260818T022744Z,loan_to_aml,1,101,200,16.040400,
baseline,2,4,perf-baseline-r002-20260818T022744Z,loan_to_aml,1,102,200,17.391700,
baseline,2,4,perf-baseline-r002-20260818T022744Z,loan_to_aml,1,103,200,16.610200,
baseline,2,4,perf-baseline-r002-20260818T022744Z,loan_to_aml,1,104,200,15.809100,
baseline,2,4,perf-baseline-r002-20260818T022744Z,loan_to_aml,1,105,200,16.611200,
baseline,2,4,perf-baseline-r002-20260818T022744Z,loan_to_aml,1,106,200,16.653400,
baseline,2,4,perf-baseline-r002-20260818T022744Z,loan_to_aml,1,107,200,15.723600,
baseline,2,4,perf-baseline-r002-20260818T022744Z,loan_to_aml,1,108,200,16.661100,
baseline,2,4,perf-baseline-r002-20260818T022744Z,loan_to_aml,1,109,200,16.383300,
baseline,2,4,perf-baseline-r002-20260818T022744Z,loan_to_aml,1,110,200,15.971100,
baseline,2,4,perf-baseline-r002-20260818T022744Z,loan_to_aml,1,111,200,15.937700,
baseline,2,4,perf-baseline-r002-20260818T022744Z,loan_to_aml,1,112,200,16.100000,
baseline,2,4,perf-baseline-r002-20260818T022744Z,loan_to_aml,1,113,200,15.851900,
baseline,2,4,perf-baseline-r002-20260818T022744Z,loan_to_aml,1,114,200,16.177700,
baseline,2,4,perf-baseline-r002-20260818T022744Z,loan_to_aml,1,115,200,17.049400,
baseline,2,4,perf-baseline-r002-20260818T022744Z,loan_to_aml,1,116,200,16.819700,
baseline,2,4,perf-baseline-r002-20260818T022744Z,loan_to_aml,1,117,200,16.029600,
baseline,2,4,perf-baseline-r002-20260818T022744Z,loan_to_aml,1,118,200,16.243200,
baseline,2,4,perf-baseline-r002-20260818T022744Z,loan_to_aml,1,119,200,16.698000,
baseline,2,4,perf-baseline-r002-20260818T022744Z,loan_to_aml,1,120,200,16.332000,
baseline,2,4,perf-baseline-r002-20260818T022744Z,loan_to_aml,1,121,200,17.186100,
baseline,2,4,perf-baseline-r002-20260818T022744Z,loan_to_aml,1,122,200,16.514200,
baseline,2,4,perf-baseline-r002-20260818T022744Z,loan_to_aml,1,123,200,16.878600,
baseline,2,4,perf-baseline-r002-20260818T022744Z,loan_to_aml,1,124,200,16.095000,
baseline,2,4,perf-baseline-r002-20260818T022744Z,loan_to_aml,1,125,200,15.981000,
baseline,2,4,perf-baseline-r002-20260818T022744Z,loan_to_aml,1,126,200,16.210000,
baseline,2,4,perf-baseline-r002-20260818T022744Z,loan_to_aml,1,127,200,17.945900,
baseline,2,4,perf-baseline-r002-20260818T022744Z,loan_to_aml,1,128,200,16.927600,
baseline,2,4,perf-baseline-r002-20260818T022744Z,loan_to_aml,1,129,200,15.529400,
baseline,2,4,perf-baseline-r002-20260818T022744Z,loan_to_aml,1,130,200,16.401400,
baseline,2,4,perf-baseline-r002-20260818T022744Z,loan_to_aml,1,131,200,15.952000,
baseline,2,4,perf-baseline-r002-20260818T022744Z,loan_to_aml,1,132,200,15.812500,
baseline,2,4,perf-baseline-r002-20260818T022744Z,loan_to_aml,1,133,200,17.023800,
baseline,2,4,perf-baseline-r002-20260818T022744Z,loan_to_aml,1,134,200,16.081500,
baseline,2,4,perf-baseline-r002-20260818T022744Z,loan_to_aml,1,135,200,15.854700,
baseline,2,4,perf-baseline-r002-20260818T022744Z,loan_to_aml,1,136,200,15.933400,
baseline,2,4,perf-baseline-r002-20260818T022744Z,loan_to_aml,1,137,200,16.433600,
baseline,2,4,perf-baseline-r002-20260818T022744Z,loan_to_aml,1,138,200,16.591500,
baseline,2,4,perf-baseline-r002-20260818T022744Z,loan_to_aml,1,139,200,15.931800,
baseline,2,4,perf-baseline-r002-20260818T022744Z,loan_to_aml,1,140,200,15.844300,
baseline,2,4,perf-baseline-r002-20260818T022744Z,loan_to_aml,1,141,200,16.199300,
baseline,2,4,perf-baseline-r002-20260818T022744Z,loan_to_aml,1,142,200,19.406500,
baseline,2,4,perf-baseline-r002-20260818T022744Z,loan_to_aml,1,143,200,15.657400,
baseline,2,4,perf-baseline-r002-20260818T022744Z,loan_to_aml,1,144,200,16.618500,
baseline,2,4,perf-baseline-r002-20260818T022744Z,loan_to_aml,1,145,200,16.320300,
baseline,2,4,perf-baseline-r002-20260818T022744Z,loan_to_aml,1,146,200,16.800000,
baseline,2,4,perf-baseline-r002-20260818T022744Z,loan_to_aml,1,147,200,16.061700,
baseline,2,4,perf-baseline-r002-20260818T022744Z,loan_to_aml,1,148,200,15.506400,
baseline,2,4,perf-baseline-r002-20260818T022744Z,loan_to_aml,1,149,200,14.968000,
baseline,2,4,perf-baseline-r002-20260818T022744Z,loan_to_aml,1,150,200,16.771700,
baseline,2,4,perf-baseline-r002-20260818T022744Z,loan_to_aml,1,151,200,16.353900,
baseline,2,4,perf-baseline-r002-20260818T022744Z,loan_to_aml,1,152,200,16.115700,
baseline,2,4,perf-baseline-r002-20260818T022744Z,loan_to_aml,1,153,200,17.745700,
baseline,2,4,perf-baseline-r002-20260818T022744Z,loan_to_aml,1,154,200,16.307900,
baseline,2,4,perf-baseline-r002-20260818T022744Z,loan_to_aml,1,155,200,16.524900,
baseline,2,4,perf-baseline-r002-20260818T022744Z,loan_to_aml,1,156,200,16.382900,
baseline,2,4,perf-baseline-r002-20260818T022744Z,loan_to_aml,1,157,200,16.038400,
baseline,2,4,perf-baseline-r002-20260818T022744Z,loan_to_aml,1,158,200,18.205400,
baseline,2,4,perf-baseline-r002-20260818T022744Z,loan_to_aml,1,159,200,17.874900,
baseline,2,4,perf-baseline-r002-20260818T022744Z,loan_to_aml,1,160,200,16.686000,
baseline,2,4,perf-baseline-r002-20260818T022744Z,loan_to_aml,1,161,200,16.341700,
baseline,2,4,perf-baseline-r002-20260818T022744Z,loan_to_aml,1,162,200,16.607400,
baseline,2,4,perf-baseline-r002-20260818T022744Z,loan_to_aml,1,163,200,16.071700,
baseline,2,4,perf-baseline-r002-20260818T022744Z,loan_to_aml,1,164,200,14.669200,
baseline,2,4,perf-baseline-r002-20260818T022744Z,loan_to_aml,1,165,200,16.495500,
baseline,2,4,perf-baseline-r002-20260818T022744Z,loan_to_aml,1,166,200,15.713300,
baseline,2,4,perf-baseline-r002-20260818T022744Z,loan_to_aml,1,167,200,15.911000,
baseline,2,4,perf-baseline-r002-20260818T022744Z,loan_to_aml,1,168,200,15.916100,
baseline,2,4,perf-baseline-r002-20260818T022744Z,loan_to_aml,1,169,200,16.087400,
baseline,2,4,perf-baseline-r002-20260818T022744Z,loan_to_aml,1,170,200,16.284000,
baseline,2,4,perf-baseline-r002-20260818T022744Z,loan_to_aml,1,171,200,15.470200,
baseline,2,4,perf-baseline-r002-20260818T022744Z,loan_to_aml,1,172,200,15.133500,
baseline,2,4,perf-baseline-r002-20260818T022744Z,loan_to_aml,1,173,200,15.991800,
baseline,2,4,perf-baseline-r002-20260818T022744Z,loan_to_aml,1,174,200,16.078800,
baseline,2,4,perf-baseline-r002-20260818T022744Z,loan_to_aml,1,175,200,16.005700,
baseline,2,4,perf-baseline-r002-20260818T022744Z,loan_to_aml,1,176,200,16.452400,
baseline,2,4,perf-baseline-r002-20260818T022744Z,loan_to_aml,1,177,200,15.590100,
baseline,2,4,perf-baseline-r002-20260818T022744Z,loan_to_aml,1,178,200,17.126700,
baseline,2,4,perf-baseline-r002-20260818T022744Z,loan_to_aml,1,179,200,15.857200,
baseline,2,4,perf-baseline-r002-20260818T022744Z,loan_to_aml,1,180,200,18.285900,
baseline,2,4,perf-baseline-r002-20260818T022744Z,loan_to_aml,1,181,200,17.890000,
baseline,2,4,perf-baseline-r002-20260818T022744Z,loan_to_aml,1,182,200,17.106300,
baseline,2,4,perf-baseline-r002-20260818T022744Z,loan_to_aml,1,183,200,18.263200,
baseline,2,4,perf-baseline-r002-20260818T022744Z,loan_to_aml,1,184,200,18.214900,
baseline,2,4,perf-baseline-r002-20260818T022744Z,loan_to_aml,1,185,200,17.149700,
baseline,2,4,perf-baseline-r002-20260818T022744Z,loan_to_aml,1,186,200,16.764400,
baseline,2,4,perf-baseline-r002-20260818T022744Z,loan_to_aml,1,187,200,15.999500,
baseline,2,4,perf-baseline-r002-20260818T022744Z,loan_to_aml,1,188,200,15.554800,
baseline,2,4,perf-baseline-r002-20260818T022744Z,loan_to_aml,1,189,200,15.095800,
baseline,2,4,perf-baseline-r002-20260818T022744Z,loan_to_aml,1,190,200,16.161100,
baseline,2,4,perf-baseline-r002-20260818T022744Z,loan_to_aml,1,191,200,16.077800,
baseline,2,4,perf-baseline-r002-20260818T022744Z,loan_to_aml,1,192,200,15.671100,
baseline,2,4,perf-baseline-r002-20260818T022744Z,loan_to_aml,1,193,200,16.281100,
baseline,2,4,perf-baseline-r002-20260818T022744Z,loan_to_aml,1,194,200,15.741700,
baseline,2,4,perf-baseline-r002-20260818T022744Z,loan_to_aml,1,195,200,16.455000,
baseline,2,4,perf-baseline-r002-20260818T022744Z,loan_to_aml,1,196,200,16.722900,
baseline,2,4,perf-baseline-r002-20260818T022744Z,loan_to_aml,1,197,200,16.984300,
baseline,2,4,perf-baseline-r002-20260818T022744Z,loan_to_aml,1,198,200,15.844200,
baseline,2,4,perf-baseline-r002-20260818T022744Z,loan_to_aml,1,199,200,17.145700,
baseline,2,4,perf-baseline-r002-20260818T022744Z,loan_to_aml,1,200,200,15.863700,
baseline,2,4,perf-baseline-r002-20260818T022744Z,loan_to_aml,2,1,200,17.327900,
baseline,2,4,perf-baseline-r002-20260818T022744Z,loan_to_aml,2,2,200,16.697000,
baseline,2,4,perf-baseline-r002-20260818T022744Z,loan_to_aml,2,3,200,16.269500,
baseline,2,4,perf-baseline-r002-20260818T022744Z,loan_to_aml,2,4,200,16.704600,
baseline,2,4,perf-baseline-r002-20260818T022744Z,loan_to_aml,2,5,200,15.866400,
baseline,2,4,perf-baseline-r002-20260818T022744Z,loan_to_aml,2,6,200,16.397900,
baseline,2,4,perf-baseline-r002-20260818T022744Z,loan_to_aml,2,7,200,15.589800,
baseline,2,4,perf-baseline-r002-20260818T022744Z,loan_to_aml,2,8,200,16.483900,
baseline,2,4,perf-baseline-r002-20260818T022744Z,loan_to_aml,2,9,200,16.550300,
baseline,2,4,perf-baseline-r002-20260818T022744Z,loan_to_aml,2,10,200,16.908200,
baseline,2,4,perf-baseline-r002-20260818T022744Z,loan_to_aml,2,11,200,16.584000,
baseline,2,4,perf-baseline-r002-20260818T022744Z,loan_to_aml,2,12,200,16.601700,
baseline,2,4,perf-baseline-r002-20260818T022744Z,loan_to_aml,2,13,200,17.432300,
baseline,2,4,perf-baseline-r002-20260818T022744Z,loan_to_aml,2,14,200,16.651300,
baseline,2,4,perf-baseline-r002-20260818T022744Z,loan_to_aml,2,15,200,17.526200,
baseline,2,4,perf-baseline-r002-20260818T022744Z,loan_to_aml,2,16,200,16.224900,
baseline,2,4,perf-baseline-r002-20260818T022744Z,loan_to_aml,2,17,200,16.046000,
baseline,2,4,perf-baseline-r002-20260818T022744Z,loan_to_aml,2,18,200,17.659300,
baseline,2,4,perf-baseline-r002-20260818T022744Z,loan_to_aml,2,19,200,18.552000,
baseline,2,4,perf-baseline-r002-20260818T022744Z,loan_to_aml,2,20,200,18.292400,
baseline,2,4,perf-baseline-r002-20260818T022744Z,loan_to_aml,2,21,200,17.900100,
baseline,2,4,perf-baseline-r002-20260818T022744Z,loan_to_aml,2,22,200,20.100800,
baseline,2,4,perf-baseline-r002-20260818T022744Z,loan_to_aml,2,23,200,20.053100,
baseline,2,4,perf-baseline-r002-20260818T022744Z,loan_to_aml,2,24,200,20.494400,
baseline,2,4,perf-baseline-r002-20260818T022744Z,loan_to_aml,2,25,200,18.821200,
baseline,2,4,perf-baseline-r002-20260818T022744Z,loan_to_aml,2,26,200,17.107800,
baseline,2,4,perf-baseline-r002-20260818T022744Z,loan_to_aml,2,27,200,15.988000,
baseline,2,4,perf-baseline-r002-20260818T022744Z,loan_to_aml,2,28,200,15.619400,
baseline,2,4,perf-baseline-r002-20260818T022744Z,loan_to_aml,2,29,200,16.003200,
baseline,2,4,perf-baseline-r002-20260818T022744Z,loan_to_aml,2,30,200,16.638400,
baseline,2,4,perf-baseline-r002-20260818T022744Z,loan_to_aml,2,31,200,17.880200,
baseline,2,4,perf-baseline-r002-20260818T022744Z,loan_to_aml,2,32,200,18.107900,
baseline,2,4,perf-baseline-r002-20260818T022744Z,loan_to_aml,2,33,200,16.427300,
baseline,2,4,perf-baseline-r002-20260818T022744Z,loan_to_aml,2,34,200,16.033600,
baseline,2,4,perf-baseline-r002-20260818T022744Z,loan_to_aml,2,35,200,18.376700,
baseline,2,4,perf-baseline-r002-20260818T022744Z,loan_to_aml,2,36,200,17.647100,
baseline,2,4,perf-baseline-r002-20260818T022744Z,loan_to_aml,2,37,200,16.756200,
baseline,2,4,perf-baseline-r002-20260818T022744Z,loan_to_aml,2,38,200,16.071200,
baseline,2,4,perf-baseline-r002-20260818T022744Z,loan_to_aml,2,39,200,19.014400,
baseline,2,4,perf-baseline-r002-20260818T022744Z,loan_to_aml,2,40,200,18.038900,
baseline,2,4,perf-baseline-r002-20260818T022744Z,loan_to_aml,2,41,200,17.392300,
baseline,2,4,perf-baseline-r002-20260818T022744Z,loan_to_aml,2,42,200,19.481900,
baseline,2,4,perf-baseline-r002-20260818T022744Z,loan_to_aml,2,43,200,17.772000,
baseline,2,4,perf-baseline-r002-20260818T022744Z,loan_to_aml,2,44,200,17.659800,
baseline,2,4,perf-baseline-r002-20260818T022744Z,loan_to_aml,2,45,200,18.189100,
baseline,2,4,perf-baseline-r002-20260818T022744Z,loan_to_aml,2,46,200,17.966900,
baseline,2,4,perf-baseline-r002-20260818T022744Z,loan_to_aml,2,47,200,16.719500,
baseline,2,4,perf-baseline-r002-20260818T022744Z,loan_to_aml,2,48,200,16.860500,
baseline,2,4,perf-baseline-r002-20260818T022744Z,loan_to_aml,2,49,200,17.041700,
baseline,2,4,perf-baseline-r002-20260818T022744Z,loan_to_aml,2,50,200,16.449300,
baseline,2,4,perf-baseline-r002-20260818T022744Z,loan_to_aml,2,51,200,16.141300,
baseline,2,4,perf-baseline-r002-20260818T022744Z,loan_to_aml,2,52,200,16.234700,
baseline,2,4,perf-baseline-r002-20260818T022744Z,loan_to_aml,2,53,200,17.043600,
baseline,2,4,perf-baseline-r002-20260818T022744Z,loan_to_aml,2,54,200,16.734000,
baseline,2,4,perf-baseline-r002-20260818T022744Z,loan_to_aml,2,55,200,17.213900,
baseline,2,4,perf-baseline-r002-20260818T022744Z,loan_to_aml,2,56,200,16.810600,
baseline,2,4,perf-baseline-r002-20260818T022744Z,loan_to_aml,2,57,200,16.756100,
baseline,2,4,perf-baseline-r002-20260818T022744Z,loan_to_aml,2,58,200,17.314100,
baseline,2,4,perf-baseline-r002-20260818T022744Z,loan_to_aml,2,59,200,17.019900,
baseline,2,4,perf-baseline-r002-20260818T022744Z,loan_to_aml,2,60,200,17.165000,
baseline,2,4,perf-baseline-r002-20260818T022744Z,loan_to_aml,2,61,200,16.716700,
baseline,2,4,perf-baseline-r002-20260818T022744Z,loan_to_aml,2,62,200,16.036300,
baseline,2,4,perf-baseline-r002-20260818T022744Z,loan_to_aml,2,63,200,16.870700,
baseline,2,4,perf-baseline-r002-20260818T022744Z,loan_to_aml,2,64,200,15.677500,
baseline,2,4,perf-baseline-r002-20260818T022744Z,loan_to_aml,2,65,200,15.929700,
baseline,2,4,perf-baseline-r002-20260818T022744Z,loan_to_aml,2,66,200,15.984600,
baseline,2,4,perf-baseline-r002-20260818T022744Z,loan_to_aml,2,67,200,16.078500,
baseline,2,4,perf-baseline-r002-20260818T022744Z,loan_to_aml,2,68,200,16.088100,
baseline,2,4,perf-baseline-r002-20260818T022744Z,loan_to_aml,2,69,200,17.107400,
baseline,2,4,perf-baseline-r002-20260818T022744Z,loan_to_aml,2,70,200,17.600600,
baseline,2,4,perf-baseline-r002-20260818T022744Z,loan_to_aml,2,71,200,17.449600,
baseline,2,4,perf-baseline-r002-20260818T022744Z,loan_to_aml,2,72,200,17.298700,
baseline,2,4,perf-baseline-r002-20260818T022744Z,loan_to_aml,2,73,200,16.841500,
baseline,2,4,perf-baseline-r002-20260818T022744Z,loan_to_aml,2,74,200,16.874100,
baseline,2,4,perf-baseline-r002-20260818T022744Z,loan_to_aml,2,75,200,16.688000,
baseline,2,4,perf-baseline-r002-20260818T022744Z,loan_to_aml,2,76,200,16.139200,
baseline,2,4,perf-baseline-r002-20260818T022744Z,loan_to_aml,2,77,200,16.781200,
baseline,2,4,perf-baseline-r002-20260818T022744Z,loan_to_aml,2,78,200,15.749600,
baseline,2,4,perf-baseline-r002-20260818T022744Z,loan_to_aml,2,79,200,18.854000,
baseline,2,4,perf-baseline-r002-20260818T022744Z,loan_to_aml,2,80,200,17.623800,
baseline,2,4,perf-baseline-r002-20260818T022744Z,loan_to_aml,2,81,200,18.305400,
baseline,2,4,perf-baseline-r002-20260818T022744Z,loan_to_aml,2,82,200,18.382100,
baseline,2,4,perf-baseline-r002-20260818T022744Z,loan_to_aml,2,83,200,19.564000,
baseline,2,4,perf-baseline-r002-20260818T022744Z,loan_to_aml,2,84,200,16.158600,
baseline,2,4,perf-baseline-r002-20260818T022744Z,loan_to_aml,2,85,200,15.949900,
baseline,2,4,perf-baseline-r002-20260818T022744Z,loan_to_aml,2,86,200,16.026800,
baseline,2,4,perf-baseline-r002-20260818T022744Z,loan_to_aml,2,87,200,15.994400,
baseline,2,4,perf-baseline-r002-20260818T022744Z,loan_to_aml,2,88,200,16.190200,
baseline,2,4,perf-baseline-r002-20260818T022744Z,loan_to_aml,2,89,200,17.031100,
baseline,2,4,perf-baseline-r002-20260818T022744Z,loan_to_aml,2,90,200,16.704600,
baseline,2,4,perf-baseline-r002-20260818T022744Z,loan_to_aml,2,91,200,16.109200,
baseline,2,4,perf-baseline-r002-20260818T022744Z,loan_to_aml,2,92,200,17.140300,
baseline,2,4,perf-baseline-r002-20260818T022744Z,loan_to_aml,2,93,200,16.578500,
baseline,2,4,perf-baseline-r002-20260818T022744Z,loan_to_aml,2,94,200,15.917800,
baseline,2,4,perf-baseline-r002-20260818T022744Z,loan_to_aml,2,95,200,15.895500,
baseline,2,4,perf-baseline-r002-20260818T022744Z,loan_to_aml,2,96,200,15.056300,
baseline,2,4,perf-baseline-r002-20260818T022744Z,loan_to_aml,2,97,200,15.042100,
baseline,2,4,perf-baseline-r002-20260818T022744Z,loan_to_aml,2,98,200,15.000400,
baseline,2,4,perf-baseline-r002-20260818T022744Z,loan_to_aml,2,99,200,16.214400,
baseline,2,4,perf-baseline-r002-20260818T022744Z,loan_to_aml,2,100,200,15.725800,
baseline,2,4,perf-baseline-r002-20260818T022744Z,loan_to_aml,2,101,200,16.433900,
baseline,2,4,perf-baseline-r002-20260818T022744Z,loan_to_aml,2,102,200,16.730600,
baseline,2,4,perf-baseline-r002-20260818T022744Z,loan_to_aml,2,103,200,16.049400,
baseline,2,4,perf-baseline-r002-20260818T022744Z,loan_to_aml,2,104,200,20.158300,
baseline,2,4,perf-baseline-r002-20260818T022744Z,loan_to_aml,2,105,200,18.267800,
baseline,2,4,perf-baseline-r002-20260818T022744Z,loan_to_aml,2,106,200,17.766200,
baseline,2,4,perf-baseline-r002-20260818T022744Z,loan_to_aml,2,107,200,17.643200,
baseline,2,4,perf-baseline-r002-20260818T022744Z,loan_to_aml,2,108,200,17.102000,
baseline,2,4,perf-baseline-r002-20260818T022744Z,loan_to_aml,2,109,200,16.953000,
baseline,2,4,perf-baseline-r002-20260818T022744Z,loan_to_aml,2,110,200,16.324900,
baseline,2,4,perf-baseline-r002-20260818T022744Z,loan_to_aml,2,111,200,16.939100,
baseline,2,4,perf-baseline-r002-20260818T022744Z,loan_to_aml,2,112,200,16.706000,
baseline,2,4,perf-baseline-r002-20260818T022744Z,loan_to_aml,2,113,200,16.819800,
baseline,2,4,perf-baseline-r002-20260818T022744Z,loan_to_aml,2,114,200,16.247000,
baseline,2,4,perf-baseline-r002-20260818T022744Z,loan_to_aml,2,115,200,16.665200,
baseline,2,4,perf-baseline-r002-20260818T022744Z,loan_to_aml,2,116,200,16.433700,
baseline,2,4,perf-baseline-r002-20260818T022744Z,loan_to_aml,2,117,200,16.787000,
baseline,2,4,perf-baseline-r002-20260818T022744Z,loan_to_aml,2,118,200,16.595400,
baseline,2,4,perf-baseline-r002-20260818T022744Z,loan_to_aml,2,119,200,16.040300,
baseline,2,4,perf-baseline-r002-20260818T022744Z,loan_to_aml,2,120,200,16.030700,
baseline,2,4,perf-baseline-r002-20260818T022744Z,loan_to_aml,2,121,200,15.965600,
baseline,2,4,perf-baseline-r002-20260818T022744Z,loan_to_aml,2,122,200,16.080800,
baseline,2,4,perf-baseline-r002-20260818T022744Z,loan_to_aml,2,123,200,16.250500,
baseline,2,4,perf-baseline-r002-20260818T022744Z,loan_to_aml,2,124,200,16.041000,
baseline,2,4,perf-baseline-r002-20260818T022744Z,loan_to_aml,2,125,200,15.809200,
baseline,2,4,perf-baseline-r002-20260818T022744Z,loan_to_aml,2,126,200,17.190000,
baseline,2,4,perf-baseline-r002-20260818T022744Z,loan_to_aml,2,127,200,16.564000,
baseline,2,4,perf-baseline-r002-20260818T022744Z,loan_to_aml,2,128,200,16.132200,
baseline,2,4,perf-baseline-r002-20260818T022744Z,loan_to_aml,2,129,200,17.113600,
baseline,2,4,perf-baseline-r002-20260818T022744Z,loan_to_aml,2,130,200,16.798900,
baseline,2,4,perf-baseline-r002-20260818T022744Z,loan_to_aml,2,131,200,16.219800,
baseline,2,4,perf-baseline-r002-20260818T022744Z,loan_to_aml,2,132,200,16.951200,
baseline,2,4,perf-baseline-r002-20260818T022744Z,loan_to_aml,2,133,200,16.281300,
baseline,2,4,perf-baseline-r002-20260818T022744Z,loan_to_aml,2,134,200,16.486000,
baseline,2,4,perf-baseline-r002-20260818T022744Z,loan_to_aml,2,135,200,15.705100,
baseline,2,4,perf-baseline-r002-20260818T022744Z,loan_to_aml,2,136,200,16.150500,
baseline,2,4,perf-baseline-r002-20260818T022744Z,loan_to_aml,2,137,200,16.957100,
baseline,2,4,perf-baseline-r002-20260818T022744Z,loan_to_aml,2,138,200,15.860500,
baseline,2,4,perf-baseline-r002-20260818T022744Z,loan_to_aml,2,139,200,16.385100,
baseline,2,4,perf-baseline-r002-20260818T022744Z,loan_to_aml,2,140,200,17.163700,
baseline,2,4,perf-baseline-r002-20260818T022744Z,loan_to_aml,2,141,200,17.826700,
baseline,2,4,perf-baseline-r002-20260818T022744Z,loan_to_aml,2,142,200,17.039700,
baseline,2,4,perf-baseline-r002-20260818T022744Z,loan_to_aml,2,143,200,17.288000,
baseline,2,4,perf-baseline-r002-20260818T022744Z,loan_to_aml,2,144,200,19.329900,
baseline,2,4,perf-baseline-r002-20260818T022744Z,loan_to_aml,2,145,200,21.466200,
baseline,2,4,perf-baseline-r002-20260818T022744Z,loan_to_aml,2,146,200,18.925200,
baseline,2,4,perf-baseline-r002-20260818T022744Z,loan_to_aml,2,147,200,19.145800,
baseline,2,4,perf-baseline-r002-20260818T022744Z,loan_to_aml,2,148,200,17.994700,
baseline,2,4,perf-baseline-r002-20260818T022744Z,loan_to_aml,2,149,200,17.876500,
baseline,2,4,perf-baseline-r002-20260818T022744Z,loan_to_aml,2,150,200,16.682900,
baseline,2,4,perf-baseline-r002-20260818T022744Z,loan_to_aml,2,151,200,17.630800,
baseline,2,4,perf-baseline-r002-20260818T022744Z,loan_to_aml,2,152,200,17.626500,
baseline,2,4,perf-baseline-r002-20260818T022744Z,loan_to_aml,2,153,200,18.170000,
baseline,2,4,perf-baseline-r002-20260818T022744Z,loan_to_aml,2,154,200,16.767000,
baseline,2,4,perf-baseline-r002-20260818T022744Z,loan_to_aml,2,155,200,17.706800,
baseline,2,4,perf-baseline-r002-20260818T022744Z,loan_to_aml,2,156,200,16.794000,
baseline,2,4,perf-baseline-r002-20260818T022744Z,loan_to_aml,2,157,200,17.178000,
baseline,2,4,perf-baseline-r002-20260818T022744Z,loan_to_aml,2,158,200,17.519100,
baseline,2,4,perf-baseline-r002-20260818T022744Z,loan_to_aml,2,159,200,17.919400,
baseline,2,4,perf-baseline-r002-20260818T022744Z,loan_to_aml,2,160,200,17.786200,
baseline,2,4,perf-baseline-r002-20260818T022744Z,loan_to_aml,2,161,200,17.057300,
baseline,2,4,perf-baseline-r002-20260818T022744Z,loan_to_aml,2,162,200,18.480500,
baseline,2,4,perf-baseline-r002-20260818T022744Z,loan_to_aml,2,163,200,18.696800,
baseline,2,4,perf-baseline-r002-20260818T022744Z,loan_to_aml,2,164,200,17.820000,
baseline,2,4,perf-baseline-r002-20260818T022744Z,loan_to_aml,2,165,200,17.697100,
baseline,2,4,perf-baseline-r002-20260818T022744Z,loan_to_aml,2,166,200,16.609600,
baseline,2,4,perf-baseline-r002-20260818T022744Z,loan_to_aml,2,167,200,17.299800,
baseline,2,4,perf-baseline-r002-20260818T022744Z,loan_to_aml,2,168,200,18.503000,
baseline,2,4,perf-baseline-r002-20260818T022744Z,loan_to_aml,2,169,200,16.627800,
baseline,2,4,perf-baseline-r002-20260818T022744Z,loan_to_aml,2,170,200,17.029800,
baseline,2,4,perf-baseline-r002-20260818T022744Z,loan_to_aml,2,171,200,17.536600,
baseline,2,4,perf-baseline-r002-20260818T022744Z,loan_to_aml,2,172,200,16.015200,
baseline,2,4,perf-baseline-r002-20260818T022744Z,loan_to_aml,2,173,200,16.893400,
baseline,2,4,perf-baseline-r002-20260818T022744Z,loan_to_aml,2,174,200,16.847100,
baseline,2,4,perf-baseline-r002-20260818T022744Z,loan_to_aml,2,175,200,16.088300,
baseline,2,4,perf-baseline-r002-20260818T022744Z,loan_to_aml,2,176,200,16.141300,
baseline,2,4,perf-baseline-r002-20260818T022744Z,loan_to_aml,2,177,200,16.453500,
baseline,2,4,perf-baseline-r002-20260818T022744Z,loan_to_aml,2,178,200,16.119400,
baseline,2,4,perf-baseline-r002-20260818T022744Z,loan_to_aml,2,179,200,15.948800,
baseline,2,4,perf-baseline-r002-20260818T022744Z,loan_to_aml,2,180,200,16.160800,
baseline,2,4,perf-baseline-r002-20260818T022744Z,loan_to_aml,2,181,200,16.897900,
baseline,2,4,perf-baseline-r002-20260818T022744Z,loan_to_aml,2,182,200,17.347300,
baseline,2,4,perf-baseline-r002-20260818T022744Z,loan_to_aml,2,183,200,16.989200,
baseline,2,4,perf-baseline-r002-20260818T022744Z,loan_to_aml,2,184,200,16.856700,
baseline,2,4,perf-baseline-r002-20260818T022744Z,loan_to_aml,2,185,200,16.716200,
baseline,2,4,perf-baseline-r002-20260818T022744Z,loan_to_aml,2,186,200,16.088900,
baseline,2,4,perf-baseline-r002-20260818T022744Z,loan_to_aml,2,187,200,16.293900,
baseline,2,4,perf-baseline-r002-20260818T022744Z,loan_to_aml,2,188,200,16.633000,
baseline,2,4,perf-baseline-r002-20260818T022744Z,loan_to_aml,2,189,200,16.039300,
baseline,2,4,perf-baseline-r002-20260818T022744Z,loan_to_aml,2,190,200,15.899800,
baseline,2,4,perf-baseline-r002-20260818T022744Z,loan_to_aml,2,191,200,16.371400,
baseline,2,4,perf-baseline-r002-20260818T022744Z,loan_to_aml,2,192,200,16.641400,
baseline,2,4,perf-baseline-r002-20260818T022744Z,loan_to_aml,2,193,200,19.577900,
baseline,2,4,perf-baseline-r002-20260818T022744Z,loan_to_aml,2,194,200,16.195400,
baseline,2,4,perf-baseline-r002-20260818T022744Z,loan_to_aml,2,195,200,17.608100,
baseline,2,4,perf-baseline-r002-20260818T022744Z,loan_to_aml,2,196,200,16.736200,
baseline,2,4,perf-baseline-r002-20260818T022744Z,loan_to_aml,2,197,200,17.646400,
baseline,2,4,perf-baseline-r002-20260818T022744Z,loan_to_aml,2,198,200,16.107700,
baseline,2,4,perf-baseline-r002-20260818T022744Z,loan_to_aml,2,199,200,16.245200,
baseline,2,4,perf-baseline-r002-20260818T022744Z,loan_to_aml,2,200,200,15.794400,
baseline,2,4,perf-baseline-r002-20260818T022744Z,loan_to_aml,3,1,200,16.155300,
baseline,2,4,perf-baseline-r002-20260818T022744Z,loan_to_aml,3,2,200,16.625200,
baseline,2,4,perf-baseline-r002-20260818T022744Z,loan_to_aml,3,3,200,15.966300,
baseline,2,4,perf-baseline-r002-20260818T022744Z,loan_to_aml,3,4,200,17.363100,
baseline,2,4,perf-baseline-r002-20260818T022744Z,loan_to_aml,3,5,200,16.785400,
baseline,2,4,perf-baseline-r002-20260818T022744Z,loan_to_aml,3,6,200,17.395700,
baseline,2,4,perf-baseline-r002-20260818T022744Z,loan_to_aml,3,7,200,16.719200,
baseline,2,4,perf-baseline-r002-20260818T022744Z,loan_to_aml,3,8,200,16.980200,
baseline,2,4,perf-baseline-r002-20260818T022744Z,loan_to_aml,3,9,200,16.849300,
baseline,2,4,perf-baseline-r002-20260818T022744Z,loan_to_aml,3,10,200,16.477900,
baseline,2,4,perf-baseline-r002-20260818T022744Z,loan_to_aml,3,11,200,16.233600,
baseline,2,4,perf-baseline-r002-20260818T022744Z,loan_to_aml,3,12,200,15.745300,
baseline,2,4,perf-baseline-r002-20260818T022744Z,loan_to_aml,3,13,200,16.030100,
baseline,2,4,perf-baseline-r002-20260818T022744Z,loan_to_aml,3,14,200,16.395400,
baseline,2,4,perf-baseline-r002-20260818T022744Z,loan_to_aml,3,15,200,15.443300,
baseline,2,4,perf-baseline-r002-20260818T022744Z,loan_to_aml,3,16,200,16.267200,
baseline,2,4,perf-baseline-r002-20260818T022744Z,loan_to_aml,3,17,200,15.660300,
baseline,2,4,perf-baseline-r002-20260818T022744Z,loan_to_aml,3,18,200,15.990600,
baseline,2,4,perf-baseline-r002-20260818T022744Z,loan_to_aml,3,19,200,16.246300,
baseline,2,4,perf-baseline-r002-20260818T022744Z,loan_to_aml,3,20,200,15.699700,
baseline,2,4,perf-baseline-r002-20260818T022744Z,loan_to_aml,3,21,200,16.622800,
baseline,2,4,perf-baseline-r002-20260818T022744Z,loan_to_aml,3,22,200,16.574800,
baseline,2,4,perf-baseline-r002-20260818T022744Z,loan_to_aml,3,23,200,17.374700,
baseline,2,4,perf-baseline-r002-20260818T022744Z,loan_to_aml,3,24,200,16.791200,
baseline,2,4,perf-baseline-r002-20260818T022744Z,loan_to_aml,3,25,200,16.550700,
baseline,2,4,perf-baseline-r002-20260818T022744Z,loan_to_aml,3,26,200,16.432600,
baseline,2,4,perf-baseline-r002-20260818T022744Z,loan_to_aml,3,27,200,16.403900,
baseline,2,4,perf-baseline-r002-20260818T022744Z,loan_to_aml,3,28,200,17.530200,
baseline,2,4,perf-baseline-r002-20260818T022744Z,loan_to_aml,3,29,200,16.792700,
baseline,2,4,perf-baseline-r002-20260818T022744Z,loan_to_aml,3,30,200,15.971500,
baseline,2,4,perf-baseline-r002-20260818T022744Z,loan_to_aml,3,31,200,16.019700,
baseline,2,4,perf-baseline-r002-20260818T022744Z,loan_to_aml,3,32,200,16.322900,
baseline,2,4,perf-baseline-r002-20260818T022744Z,loan_to_aml,3,33,200,16.474400,
baseline,2,4,perf-baseline-r002-20260818T022744Z,loan_to_aml,3,34,200,15.952500,
baseline,2,4,perf-baseline-r002-20260818T022744Z,loan_to_aml,3,35,200,16.475500,
baseline,2,4,perf-baseline-r002-20260818T022744Z,loan_to_aml,3,36,200,15.579300,
baseline,2,4,perf-baseline-r002-20260818T022744Z,loan_to_aml,3,37,200,15.729000,
baseline,2,4,perf-baseline-r002-20260818T022744Z,loan_to_aml,3,38,200,18.538200,
baseline,2,4,perf-baseline-r002-20260818T022744Z,loan_to_aml,3,39,200,17.124600,
baseline,2,4,perf-baseline-r002-20260818T022744Z,loan_to_aml,3,40,200,16.003000,
baseline,2,4,perf-baseline-r002-20260818T022744Z,loan_to_aml,3,41,200,15.446900,
baseline,2,4,perf-baseline-r002-20260818T022744Z,loan_to_aml,3,42,200,15.934100,
baseline,2,4,perf-baseline-r002-20260818T022744Z,loan_to_aml,3,43,200,15.773800,
baseline,2,4,perf-baseline-r002-20260818T022744Z,loan_to_aml,3,44,200,16.076000,
baseline,2,4,perf-baseline-r002-20260818T022744Z,loan_to_aml,3,45,200,15.954300,
baseline,2,4,perf-baseline-r002-20260818T022744Z,loan_to_aml,3,46,200,16.003200,
baseline,2,4,perf-baseline-r002-20260818T022744Z,loan_to_aml,3,47,200,16.070800,
baseline,2,4,perf-baseline-r002-20260818T022744Z,loan_to_aml,3,48,200,17.608100,
baseline,2,4,perf-baseline-r002-20260818T022744Z,loan_to_aml,3,49,200,16.435900,
baseline,2,4,perf-baseline-r002-20260818T022744Z,loan_to_aml,3,50,200,15.612000,
baseline,2,4,perf-baseline-r002-20260818T022744Z,loan_to_aml,3,51,200,17.141100,
baseline,2,4,perf-baseline-r002-20260818T022744Z,loan_to_aml,3,52,200,16.089500,
baseline,2,4,perf-baseline-r002-20260818T022744Z,loan_to_aml,3,53,200,16.487400,
baseline,2,4,perf-baseline-r002-20260818T022744Z,loan_to_aml,3,54,200,17.141800,
baseline,2,4,perf-baseline-r002-20260818T022744Z,loan_to_aml,3,55,200,16.781900,
baseline,2,4,perf-baseline-r002-20260818T022744Z,loan_to_aml,3,56,200,16.570300,
baseline,2,4,perf-baseline-r002-20260818T022744Z,loan_to_aml,3,57,200,16.019200,
baseline,2,4,perf-baseline-r002-20260818T022744Z,loan_to_aml,3,58,200,15.663800,
baseline,2,4,perf-baseline-r002-20260818T022744Z,loan_to_aml,3,59,200,16.484900,
baseline,2,4,perf-baseline-r002-20260818T022744Z,loan_to_aml,3,60,200,16.013900,
baseline,2,4,perf-baseline-r002-20260818T022744Z,loan_to_aml,3,61,200,15.601700,
baseline,2,4,perf-baseline-r002-20260818T022744Z,loan_to_aml,3,62,200,16.400200,
baseline,2,4,perf-baseline-r002-20260818T022744Z,loan_to_aml,3,63,200,15.671900,
baseline,2,4,perf-baseline-r002-20260818T022744Z,loan_to_aml,3,64,200,16.060500,
baseline,2,4,perf-baseline-r002-20260818T022744Z,loan_to_aml,3,65,200,15.758900,
baseline,2,4,perf-baseline-r002-20260818T022744Z,loan_to_aml,3,66,200,16.009400,
baseline,2,4,perf-baseline-r002-20260818T022744Z,loan_to_aml,3,67,200,15.970600,
baseline,2,4,perf-baseline-r002-20260818T022744Z,loan_to_aml,3,68,200,15.779800,
baseline,2,4,perf-baseline-r002-20260818T022744Z,loan_to_aml,3,69,200,16.194400,
baseline,2,4,perf-baseline-r002-20260818T022744Z,loan_to_aml,3,70,200,16.098600,
baseline,2,4,perf-baseline-r002-20260818T022744Z,loan_to_aml,3,71,200,15.724500,
baseline,2,4,perf-baseline-r002-20260818T022744Z,loan_to_aml,3,72,200,16.542500,
baseline,2,4,perf-baseline-r002-20260818T022744Z,loan_to_aml,3,73,200,15.449900,
baseline,2,4,perf-baseline-r002-20260818T022744Z,loan_to_aml,3,74,200,16.318700,
baseline,2,4,perf-baseline-r002-20260818T022744Z,loan_to_aml,3,75,200,16.338000,
baseline,2,4,perf-baseline-r002-20260818T022744Z,loan_to_aml,3,76,200,16.005100,
baseline,2,4,perf-baseline-r002-20260818T022744Z,loan_to_aml,3,77,200,16.778900,
baseline,2,4,perf-baseline-r002-20260818T022744Z,loan_to_aml,3,78,200,16.855800,
baseline,2,4,perf-baseline-r002-20260818T022744Z,loan_to_aml,3,79,200,16.158700,
baseline,2,4,perf-baseline-r002-20260818T022744Z,loan_to_aml,3,80,200,15.654300,
baseline,2,4,perf-baseline-r002-20260818T022744Z,loan_to_aml,3,81,200,15.904000,
baseline,2,4,perf-baseline-r002-20260818T022744Z,loan_to_aml,3,82,200,16.479400,
baseline,2,4,perf-baseline-r002-20260818T022744Z,loan_to_aml,3,83,200,16.942700,
baseline,2,4,perf-baseline-r002-20260818T022744Z,loan_to_aml,3,84,200,16.429600,
baseline,2,4,perf-baseline-r002-20260818T022744Z,loan_to_aml,3,85,200,15.942800,
baseline,2,4,perf-baseline-r002-20260818T022744Z,loan_to_aml,3,86,200,19.538300,
baseline,2,4,perf-baseline-r002-20260818T022744Z,loan_to_aml,3,87,200,16.540500,
baseline,2,4,perf-baseline-r002-20260818T022744Z,loan_to_aml,3,88,200,16.024600,
baseline,2,4,perf-baseline-r002-20260818T022744Z,loan_to_aml,3,89,200,17.755100,
baseline,2,4,perf-baseline-r002-20260818T022744Z,loan_to_aml,3,90,200,16.488200,
baseline,2,4,perf-baseline-r002-20260818T022744Z,loan_to_aml,3,91,200,16.170100,
baseline,2,4,perf-baseline-r002-20260818T022744Z,loan_to_aml,3,92,200,16.888700,
baseline,2,4,perf-baseline-r002-20260818T022744Z,loan_to_aml,3,93,200,15.775600,
baseline,2,4,perf-baseline-r002-20260818T022744Z,loan_to_aml,3,94,200,15.707700,
baseline,2,4,perf-baseline-r002-20260818T022744Z,loan_to_aml,3,95,200,16.271800,
baseline,2,4,perf-baseline-r002-20260818T022744Z,loan_to_aml,3,96,200,16.084400,
baseline,2,4,perf-baseline-r002-20260818T022744Z,loan_to_aml,3,97,200,16.521300,
baseline,2,4,perf-baseline-r002-20260818T022744Z,loan_to_aml,3,98,200,16.161900,
baseline,2,4,perf-baseline-r002-20260818T022744Z,loan_to_aml,3,99,200,19.130200,
baseline,2,4,perf-baseline-r002-20260818T022744Z,loan_to_aml,3,100,200,15.305300,
baseline,2,4,perf-baseline-r002-20260818T022744Z,loan_to_aml,3,101,200,16.544100,
baseline,2,4,perf-baseline-r002-20260818T022744Z,loan_to_aml,3,102,200,17.013600,
baseline,2,4,perf-baseline-r002-20260818T022744Z,loan_to_aml,3,103,200,16.019100,
baseline,2,4,perf-baseline-r002-20260818T022744Z,loan_to_aml,3,104,200,17.252000,
baseline,2,4,perf-baseline-r002-20260818T022744Z,loan_to_aml,3,105,200,16.832200,
baseline,2,4,perf-baseline-r002-20260818T022744Z,loan_to_aml,3,106,200,15.739800,
baseline,2,4,perf-baseline-r002-20260818T022744Z,loan_to_aml,3,107,200,16.027900,
baseline,2,4,perf-baseline-r002-20260818T022744Z,loan_to_aml,3,108,200,16.288200,
baseline,2,4,perf-baseline-r002-20260818T022744Z,loan_to_aml,3,109,200,17.014600,
baseline,2,4,perf-baseline-r002-20260818T022744Z,loan_to_aml,3,110,200,16.529400,
baseline,2,4,perf-baseline-r002-20260818T022744Z,loan_to_aml,3,111,200,15.924000,
baseline,2,4,perf-baseline-r002-20260818T022744Z,loan_to_aml,3,112,200,17.060800,
baseline,2,4,perf-baseline-r002-20260818T022744Z,loan_to_aml,3,113,200,16.911100,
baseline,2,4,perf-baseline-r002-20260818T022744Z,loan_to_aml,3,114,200,16.081600,
baseline,2,4,perf-baseline-r002-20260818T022744Z,loan_to_aml,3,115,200,18.430300,
baseline,2,4,perf-baseline-r002-20260818T022744Z,loan_to_aml,3,116,200,16.691900,
baseline,2,4,perf-baseline-r002-20260818T022744Z,loan_to_aml,3,117,200,16.632400,
baseline,2,4,perf-baseline-r002-20260818T022744Z,loan_to_aml,3,118,200,16.307400,
baseline,2,4,perf-baseline-r002-20260818T022744Z,loan_to_aml,3,119,200,16.986300,
baseline,2,4,perf-baseline-r002-20260818T022744Z,loan_to_aml,3,120,200,15.806800,
baseline,2,4,perf-baseline-r002-20260818T022744Z,loan_to_aml,3,121,200,16.613300,
baseline,2,4,perf-baseline-r002-20260818T022744Z,loan_to_aml,3,122,200,16.313500,
baseline,2,4,perf-baseline-r002-20260818T022744Z,loan_to_aml,3,123,200,16.038800,
baseline,2,4,perf-baseline-r002-20260818T022744Z,loan_to_aml,3,124,200,17.095200,
baseline,2,4,perf-baseline-r002-20260818T022744Z,loan_to_aml,3,125,200,15.893800,
baseline,2,4,perf-baseline-r002-20260818T022744Z,loan_to_aml,3,126,200,16.780900,
baseline,2,4,perf-baseline-r002-20260818T022744Z,loan_to_aml,3,127,200,17.716200,
baseline,2,4,perf-baseline-r002-20260818T022744Z,loan_to_aml,3,128,200,16.464300,
baseline,2,4,perf-baseline-r002-20260818T022744Z,loan_to_aml,3,129,200,16.159400,
baseline,2,4,perf-baseline-r002-20260818T022744Z,loan_to_aml,3,130,200,15.669600,
baseline,2,4,perf-baseline-r002-20260818T022744Z,loan_to_aml,3,131,200,16.853500,
baseline,2,4,perf-baseline-r002-20260818T022744Z,loan_to_aml,3,132,200,16.239100,
baseline,2,4,perf-baseline-r002-20260818T022744Z,loan_to_aml,3,133,200,15.783000,
baseline,2,4,perf-baseline-r002-20260818T022744Z,loan_to_aml,3,134,200,16.062500,
baseline,2,4,perf-baseline-r002-20260818T022744Z,loan_to_aml,3,135,200,16.285500,
baseline,2,4,perf-baseline-r002-20260818T022744Z,loan_to_aml,3,136,200,18.022700,
baseline,2,4,perf-baseline-r002-20260818T022744Z,loan_to_aml,3,137,200,15.704100,
baseline,2,4,perf-baseline-r002-20260818T022744Z,loan_to_aml,3,138,200,17.608900,
baseline,2,4,perf-baseline-r002-20260818T022744Z,loan_to_aml,3,139,200,17.467600,
baseline,2,4,perf-baseline-r002-20260818T022744Z,loan_to_aml,3,140,200,19.585100,
baseline,2,4,perf-baseline-r002-20260818T022744Z,loan_to_aml,3,141,200,15.991500,
baseline,2,4,perf-baseline-r002-20260818T022744Z,loan_to_aml,3,142,200,16.072500,
baseline,2,4,perf-baseline-r002-20260818T022744Z,loan_to_aml,3,143,200,15.934500,
baseline,2,4,perf-baseline-r002-20260818T022744Z,loan_to_aml,3,144,200,16.092800,
baseline,2,4,perf-baseline-r002-20260818T022744Z,loan_to_aml,3,145,200,15.662500,
baseline,2,4,perf-baseline-r002-20260818T022744Z,loan_to_aml,3,146,200,17.336500,
baseline,2,4,perf-baseline-r002-20260818T022744Z,loan_to_aml,3,147,200,16.376800,
baseline,2,4,perf-baseline-r002-20260818T022744Z,loan_to_aml,3,148,200,16.885100,
baseline,2,4,perf-baseline-r002-20260818T022744Z,loan_to_aml,3,149,200,16.780600,
baseline,2,4,perf-baseline-r002-20260818T022744Z,loan_to_aml,3,150,200,17.191900,
baseline,2,4,perf-baseline-r002-20260818T022744Z,loan_to_aml,3,151,200,16.642600,
baseline,2,4,perf-baseline-r002-20260818T022744Z,loan_to_aml,3,152,200,16.917400,
baseline,2,4,perf-baseline-r002-20260818T022744Z,loan_to_aml,3,153,200,16.090000,
baseline,2,4,perf-baseline-r002-20260818T022744Z,loan_to_aml,3,154,200,17.505400,
baseline,2,4,perf-baseline-r002-20260818T022744Z,loan_to_aml,3,155,200,16.841800,
baseline,2,4,perf-baseline-r002-20260818T022744Z,loan_to_aml,3,156,200,17.749400,
baseline,2,4,perf-baseline-r002-20260818T022744Z,loan_to_aml,3,157,200,17.025100,
baseline,2,4,perf-baseline-r002-20260818T022744Z,loan_to_aml,3,158,200,17.176900,
baseline,2,4,perf-baseline-r002-20260818T022744Z,loan_to_aml,3,159,200,16.998000,
baseline,2,4,perf-baseline-r002-20260818T022744Z,loan_to_aml,3,160,200,16.924200,
baseline,2,4,perf-baseline-r002-20260818T022744Z,loan_to_aml,3,161,200,16.598000,
baseline,2,4,perf-baseline-r002-20260818T022744Z,loan_to_aml,3,162,200,15.993900,
baseline,2,4,perf-baseline-r002-20260818T022744Z,loan_to_aml,3,163,200,16.949200,
baseline,2,4,perf-baseline-r002-20260818T022744Z,loan_to_aml,3,164,200,17.116200,
baseline,2,4,perf-baseline-r002-20260818T022744Z,loan_to_aml,3,165,200,15.960900,
baseline,2,4,perf-baseline-r002-20260818T022744Z,loan_to_aml,3,166,200,15.539900,
baseline,2,4,perf-baseline-r002-20260818T022744Z,loan_to_aml,3,167,200,16.492300,
baseline,2,4,perf-baseline-r002-20260818T022744Z,loan_to_aml,3,168,200,16.368200,
baseline,2,4,perf-baseline-r002-20260818T022744Z,loan_to_aml,3,169,200,16.066300,
baseline,2,4,perf-baseline-r002-20260818T022744Z,loan_to_aml,3,170,200,16.181000,
baseline,2,4,perf-baseline-r002-20260818T022744Z,loan_to_aml,3,171,200,16.089300,
baseline,2,4,perf-baseline-r002-20260818T022744Z,loan_to_aml,3,172,200,15.961800,
baseline,2,4,perf-baseline-r002-20260818T022744Z,loan_to_aml,3,173,200,15.619600,
baseline,2,4,perf-baseline-r002-20260818T022744Z,loan_to_aml,3,174,200,14.848200,
baseline,2,4,perf-baseline-r002-20260818T022744Z,loan_to_aml,3,175,200,16.444800,
baseline,2,4,perf-baseline-r002-20260818T022744Z,loan_to_aml,3,176,200,15.725600,
baseline,2,4,perf-baseline-r002-20260818T022744Z,loan_to_aml,3,177,200,16.500000,
baseline,2,4,perf-baseline-r002-20260818T022744Z,loan_to_aml,3,178,200,16.701300,
baseline,2,4,perf-baseline-r002-20260818T022744Z,loan_to_aml,3,179,200,17.307200,
baseline,2,4,perf-baseline-r002-20260818T022744Z,loan_to_aml,3,180,200,17.452300,
baseline,2,4,perf-baseline-r002-20260818T022744Z,loan_to_aml,3,181,200,17.422000,
baseline,2,4,perf-baseline-r002-20260818T022744Z,loan_to_aml,3,182,200,17.224600,
baseline,2,4,perf-baseline-r002-20260818T022744Z,loan_to_aml,3,183,200,21.250800,
baseline,2,4,perf-baseline-r002-20260818T022744Z,loan_to_aml,3,184,200,16.608000,
baseline,2,4,perf-baseline-r002-20260818T022744Z,loan_to_aml,3,185,200,18.396400,
baseline,2,4,perf-baseline-r002-20260818T022744Z,loan_to_aml,3,186,200,17.687100,
baseline,2,4,perf-baseline-r002-20260818T022744Z,loan_to_aml,3,187,200,18.908100,
baseline,2,4,perf-baseline-r002-20260818T022744Z,loan_to_aml,3,188,200,16.564300,
baseline,2,4,perf-baseline-r002-20260818T022744Z,loan_to_aml,3,189,200,16.483300,
baseline,2,4,perf-baseline-r002-20260818T022744Z,loan_to_aml,3,190,200,15.820800,
baseline,2,4,perf-baseline-r002-20260818T022744Z,loan_to_aml,3,191,200,16.156800,
baseline,2,4,perf-baseline-r002-20260818T022744Z,loan_to_aml,3,192,200,16.188200,
baseline,2,4,perf-baseline-r002-20260818T022744Z,loan_to_aml,3,193,200,16.273100,
baseline,2,4,perf-baseline-r002-20260818T022744Z,loan_to_aml,3,194,200,16.767100,
baseline,2,4,perf-baseline-r002-20260818T022744Z,loan_to_aml,3,195,200,16.392300,
baseline,2,4,perf-baseline-r002-20260818T022744Z,loan_to_aml,3,196,200,16.051900,
baseline,2,4,perf-baseline-r002-20260818T022744Z,loan_to_aml,3,197,200,15.946700,
baseline,2,4,perf-baseline-r002-20260818T022744Z,loan_to_aml,3,198,200,15.824700,
baseline,2,4,perf-baseline-r002-20260818T022744Z,loan_to_aml,3,199,200,15.466700,
baseline,2,4,perf-baseline-r002-20260818T022744Z,loan_to_aml,3,200,200,16.498500,
baseline,2,4,perf-baseline-r002-20260818T022744Z,loan_to_approval,1,1,200,16.590000,
baseline,2,4,perf-baseline-r002-20260818T022744Z,loan_to_approval,1,2,200,17.004900,
baseline,2,4,perf-baseline-r002-20260818T022744Z,loan_to_approval,1,3,200,16.193700,
baseline,2,4,perf-baseline-r002-20260818T022744Z,loan_to_approval,1,4,200,16.655100,
baseline,2,4,perf-baseline-r002-20260818T022744Z,loan_to_approval,1,5,200,15.990500,
baseline,2,4,perf-baseline-r002-20260818T022744Z,loan_to_approval,1,6,200,16.263100,
baseline,2,4,perf-baseline-r002-20260818T022744Z,loan_to_approval,1,7,200,17.157900,
baseline,2,4,perf-baseline-r002-20260818T022744Z,loan_to_approval,1,8,200,16.654100,
baseline,2,4,perf-baseline-r002-20260818T022744Z,loan_to_approval,1,9,200,15.879700,
baseline,2,4,perf-baseline-r002-20260818T022744Z,loan_to_approval,1,10,200,16.185400,
baseline,2,4,perf-baseline-r002-20260818T022744Z,loan_to_approval,1,11,200,15.814000,
baseline,2,4,perf-baseline-r002-20260818T022744Z,loan_to_approval,1,12,200,16.253100,
baseline,2,4,perf-baseline-r002-20260818T022744Z,loan_to_approval,1,13,200,17.138600,
baseline,2,4,perf-baseline-r002-20260818T022744Z,loan_to_approval,1,14,200,16.866500,
baseline,2,4,perf-baseline-r002-20260818T022744Z,loan_to_approval,1,15,200,16.665000,
baseline,2,4,perf-baseline-r002-20260818T022744Z,loan_to_approval,1,16,200,17.306200,
baseline,2,4,perf-baseline-r002-20260818T022744Z,loan_to_approval,1,17,200,17.119000,
baseline,2,4,perf-baseline-r002-20260818T022744Z,loan_to_approval,1,18,200,16.751800,
baseline,2,4,perf-baseline-r002-20260818T022744Z,loan_to_approval,1,19,200,16.434600,
baseline,2,4,perf-baseline-r002-20260818T022744Z,loan_to_approval,1,20,200,16.559900,
baseline,2,4,perf-baseline-r002-20260818T022744Z,loan_to_approval,1,21,200,17.218400,
baseline,2,4,perf-baseline-r002-20260818T022744Z,loan_to_approval,1,22,200,19.595000,
baseline,2,4,perf-baseline-r002-20260818T022744Z,loan_to_approval,1,23,200,16.934200,
baseline,2,4,perf-baseline-r002-20260818T022744Z,loan_to_approval,1,24,200,16.795000,
baseline,2,4,perf-baseline-r002-20260818T022744Z,loan_to_approval,1,25,200,17.465700,
baseline,2,4,perf-baseline-r002-20260818T022744Z,loan_to_approval,1,26,200,18.075900,
baseline,2,4,perf-baseline-r002-20260818T022744Z,loan_to_approval,1,27,200,16.522500,
baseline,2,4,perf-baseline-r002-20260818T022744Z,loan_to_approval,1,28,200,17.343100,
baseline,2,4,perf-baseline-r002-20260818T022744Z,loan_to_approval,1,29,200,16.382900,
baseline,2,4,perf-baseline-r002-20260818T022744Z,loan_to_approval,1,30,200,17.695200,
baseline,2,4,perf-baseline-r002-20260818T022744Z,loan_to_approval,1,31,200,16.506500,
baseline,2,4,perf-baseline-r002-20260818T022744Z,loan_to_approval,1,32,200,16.969800,
baseline,2,4,perf-baseline-r002-20260818T022744Z,loan_to_approval,1,33,200,16.985700,
baseline,2,4,perf-baseline-r002-20260818T022744Z,loan_to_approval,1,34,200,17.303900,
baseline,2,4,perf-baseline-r002-20260818T022744Z,loan_to_approval,1,35,200,15.711700,
baseline,2,4,perf-baseline-r002-20260818T022744Z,loan_to_approval,1,36,200,16.810300,
baseline,2,4,perf-baseline-r002-20260818T022744Z,loan_to_approval,1,37,200,16.127400,
baseline,2,4,perf-baseline-r002-20260818T022744Z,loan_to_approval,1,38,200,15.916900,
baseline,2,4,perf-baseline-r002-20260818T022744Z,loan_to_approval,1,39,200,15.734900,
baseline,2,4,perf-baseline-r002-20260818T022744Z,loan_to_approval,1,40,200,16.435400,
baseline,2,4,perf-baseline-r002-20260818T022744Z,loan_to_approval,1,41,200,16.393500,
baseline,2,4,perf-baseline-r002-20260818T022744Z,loan_to_approval,1,42,200,16.202700,
baseline,2,4,perf-baseline-r002-20260818T022744Z,loan_to_approval,1,43,200,15.965000,
baseline,2,4,perf-baseline-r002-20260818T022744Z,loan_to_approval,1,44,200,16.993500,
baseline,2,4,perf-baseline-r002-20260818T022744Z,loan_to_approval,1,45,200,15.907500,
baseline,2,4,perf-baseline-r002-20260818T022744Z,loan_to_approval,1,46,200,15.649600,
baseline,2,4,perf-baseline-r002-20260818T022744Z,loan_to_approval,1,47,200,16.148400,
baseline,2,4,perf-baseline-r002-20260818T022744Z,loan_to_approval,1,48,200,17.419800,
baseline,2,4,perf-baseline-r002-20260818T022744Z,loan_to_approval,1,49,200,16.877500,
baseline,2,4,perf-baseline-r002-20260818T022744Z,loan_to_approval,1,50,200,15.812900,
baseline,2,4,perf-baseline-r002-20260818T022744Z,loan_to_approval,1,51,200,15.932400,
baseline,2,4,perf-baseline-r002-20260818T022744Z,loan_to_approval,1,52,200,16.390200,
baseline,2,4,perf-baseline-r002-20260818T022744Z,loan_to_approval,1,53,200,16.782900,
baseline,2,4,perf-baseline-r002-20260818T022744Z,loan_to_approval,1,54,200,15.549900,
baseline,2,4,perf-baseline-r002-20260818T022744Z,loan_to_approval,1,55,200,16.415000,
baseline,2,4,perf-baseline-r002-20260818T022744Z,loan_to_approval,1,56,200,16.091900,
baseline,2,4,perf-baseline-r002-20260818T022744Z,loan_to_approval,1,57,200,15.888900,
baseline,2,4,perf-baseline-r002-20260818T022744Z,loan_to_approval,1,58,200,15.816500,
baseline,2,4,perf-baseline-r002-20260818T022744Z,loan_to_approval,1,59,200,15.800700,
baseline,2,4,perf-baseline-r002-20260818T022744Z,loan_to_approval,1,60,200,16.659200,
baseline,2,4,perf-baseline-r002-20260818T022744Z,loan_to_approval,1,61,200,16.962800,
baseline,2,4,perf-baseline-r002-20260818T022744Z,loan_to_approval,1,62,200,17.060700,
baseline,2,4,perf-baseline-r002-20260818T022744Z,loan_to_approval,1,63,200,16.723200,
baseline,2,4,perf-baseline-r002-20260818T022744Z,loan_to_approval,1,64,200,17.134800,
baseline,2,4,perf-baseline-r002-20260818T022744Z,loan_to_approval,1,65,200,17.576700,
baseline,2,4,perf-baseline-r002-20260818T022744Z,loan_to_approval,1,66,200,16.238000,
baseline,2,4,perf-baseline-r002-20260818T022744Z,loan_to_approval,1,67,200,16.646300,
baseline,2,4,perf-baseline-r002-20260818T022744Z,loan_to_approval,1,68,200,16.511800,
baseline,2,4,perf-baseline-r002-20260818T022744Z,loan_to_approval,1,69,200,16.498500,
baseline,2,4,perf-baseline-r002-20260818T022744Z,loan_to_approval,1,70,200,16.533300,
baseline,2,4,perf-baseline-r002-20260818T022744Z,loan_to_approval,1,71,200,16.518500,
baseline,2,4,perf-baseline-r002-20260818T022744Z,loan_to_approval,1,72,200,16.037400,
baseline,2,4,perf-baseline-r002-20260818T022744Z,loan_to_approval,1,73,200,17.779800,
baseline,2,4,perf-baseline-r002-20260818T022744Z,loan_to_approval,1,74,200,16.227500,
baseline,2,4,perf-baseline-r002-20260818T022744Z,loan_to_approval,1,75,200,15.635900,
baseline,2,4,perf-baseline-r002-20260818T022744Z,loan_to_approval,1,76,200,15.882400,
baseline,2,4,perf-baseline-r002-20260818T022744Z,loan_to_approval,1,77,200,16.061100,
baseline,2,4,perf-baseline-r002-20260818T022744Z,loan_to_approval,1,78,200,16.008000,
baseline,2,4,perf-baseline-r002-20260818T022744Z,loan_to_approval,1,79,200,15.909400,
baseline,2,4,perf-baseline-r002-20260818T022744Z,loan_to_approval,1,80,200,16.027500,
baseline,2,4,perf-baseline-r002-20260818T022744Z,loan_to_approval,1,81,200,16.225600,
baseline,2,4,perf-baseline-r002-20260818T022744Z,loan_to_approval,1,82,200,15.911400,
baseline,2,4,perf-baseline-r002-20260818T022744Z,loan_to_approval,1,83,200,15.987100,
baseline,2,4,perf-baseline-r002-20260818T022744Z,loan_to_approval,1,84,200,17.336800,
baseline,2,4,perf-baseline-r002-20260818T022744Z,loan_to_approval,1,85,200,17.416500,
baseline,2,4,perf-baseline-r002-20260818T022744Z,loan_to_approval,1,86,200,16.081600,
baseline,2,4,perf-baseline-r002-20260818T022744Z,loan_to_approval,1,87,200,16.334200,
baseline,2,4,perf-baseline-r002-20260818T022744Z,loan_to_approval,1,88,200,16.680000,
baseline,2,4,perf-baseline-r002-20260818T022744Z,loan_to_approval,1,89,200,17.602100,
baseline,2,4,perf-baseline-r002-20260818T022744Z,loan_to_approval,1,90,200,17.383000,
baseline,2,4,perf-baseline-r002-20260818T022744Z,loan_to_approval,1,91,200,16.875900,
baseline,2,4,perf-baseline-r002-20260818T022744Z,loan_to_approval,1,92,200,17.277700,
baseline,2,4,perf-baseline-r002-20260818T022744Z,loan_to_approval,1,93,200,16.714300,
baseline,2,4,perf-baseline-r002-20260818T022744Z,loan_to_approval,1,94,200,16.422100,
baseline,2,4,perf-baseline-r002-20260818T022744Z,loan_to_approval,1,95,200,16.526300,
baseline,2,4,perf-baseline-r002-20260818T022744Z,loan_to_approval,1,96,200,16.822200,
baseline,2,4,perf-baseline-r002-20260818T022744Z,loan_to_approval,1,97,200,15.902000,
baseline,2,4,perf-baseline-r002-20260818T022744Z,loan_to_approval,1,98,200,17.624700,
baseline,2,4,perf-baseline-r002-20260818T022744Z,loan_to_approval,1,99,200,16.580800,
baseline,2,4,perf-baseline-r002-20260818T022744Z,loan_to_approval,1,100,200,17.074100,
baseline,2,4,perf-baseline-r002-20260818T022744Z,loan_to_approval,1,101,200,17.851700,
baseline,2,4,perf-baseline-r002-20260818T022744Z,loan_to_approval,1,102,200,17.536100,
baseline,2,4,perf-baseline-r002-20260818T022744Z,loan_to_approval,1,103,200,16.784900,
baseline,2,4,perf-baseline-r002-20260818T022744Z,loan_to_approval,1,104,200,16.709900,
baseline,2,4,perf-baseline-r002-20260818T022744Z,loan_to_approval,1,105,200,17.375300,
baseline,2,4,perf-baseline-r002-20260818T022744Z,loan_to_approval,1,106,200,16.597400,
baseline,2,4,perf-baseline-r002-20260818T022744Z,loan_to_approval,1,107,200,17.615800,
baseline,2,4,perf-baseline-r002-20260818T022744Z,loan_to_approval,1,108,200,16.534000,
baseline,2,4,perf-baseline-r002-20260818T022744Z,loan_to_approval,1,109,200,17.244200,
baseline,2,4,perf-baseline-r002-20260818T022744Z,loan_to_approval,1,110,200,18.330800,
baseline,2,4,perf-baseline-r002-20260818T022744Z,loan_to_approval,1,111,200,19.835700,
baseline,2,4,perf-baseline-r002-20260818T022744Z,loan_to_approval,1,112,200,18.442600,
baseline,2,4,perf-baseline-r002-20260818T022744Z,loan_to_approval,1,113,200,16.991700,
baseline,2,4,perf-baseline-r002-20260818T022744Z,loan_to_approval,1,114,200,17.174900,
baseline,2,4,perf-baseline-r002-20260818T022744Z,loan_to_approval,1,115,200,16.433100,
baseline,2,4,perf-baseline-r002-20260818T022744Z,loan_to_approval,1,116,200,16.365000,
baseline,2,4,perf-baseline-r002-20260818T022744Z,loan_to_approval,1,117,200,16.205100,
baseline,2,4,perf-baseline-r002-20260818T022744Z,loan_to_approval,1,118,200,16.725100,
baseline,2,4,perf-baseline-r002-20260818T022744Z,loan_to_approval,1,119,200,17.385200,
baseline,2,4,perf-baseline-r002-20260818T022744Z,loan_to_approval,1,120,200,16.289500,
baseline,2,4,perf-baseline-r002-20260818T022744Z,loan_to_approval,1,121,200,16.076800,
baseline,2,4,perf-baseline-r002-20260818T022744Z,loan_to_approval,1,122,200,17.114700,
baseline,2,4,perf-baseline-r002-20260818T022744Z,loan_to_approval,1,123,200,16.646400,
baseline,2,4,perf-baseline-r002-20260818T022744Z,loan_to_approval,1,124,200,17.091500,
baseline,2,4,perf-baseline-r002-20260818T022744Z,loan_to_approval,1,125,200,17.147200,
baseline,2,4,perf-baseline-r002-20260818T022744Z,loan_to_approval,1,126,200,15.661400,
baseline,2,4,perf-baseline-r002-20260818T022744Z,loan_to_approval,1,127,200,16.133800,
baseline,2,4,perf-baseline-r002-20260818T022744Z,loan_to_approval,1,128,200,16.438000,
baseline,2,4,perf-baseline-r002-20260818T022744Z,loan_to_approval,1,129,200,16.394800,
baseline,2,4,perf-baseline-r002-20260818T022744Z,loan_to_approval,1,130,200,16.239500,
baseline,2,4,perf-baseline-r002-20260818T022744Z,loan_to_approval,1,131,200,16.083500,
baseline,2,4,perf-baseline-r002-20260818T022744Z,loan_to_approval,1,132,200,15.524400,
baseline,2,4,perf-baseline-r002-20260818T022744Z,loan_to_approval,1,133,200,16.073900,
baseline,2,4,perf-baseline-r002-20260818T022744Z,loan_to_approval,1,134,200,16.197600,
baseline,2,4,perf-baseline-r002-20260818T022744Z,loan_to_approval,1,135,200,15.806400,
baseline,2,4,perf-baseline-r002-20260818T022744Z,loan_to_approval,1,136,200,16.032900,
baseline,2,4,perf-baseline-r002-20260818T022744Z,loan_to_approval,1,137,200,15.890600,
baseline,2,4,perf-baseline-r002-20260818T022744Z,loan_to_approval,1,138,200,16.087700,
baseline,2,4,perf-baseline-r002-20260818T022744Z,loan_to_approval,1,139,200,16.130700,
baseline,2,4,perf-baseline-r002-20260818T022744Z,loan_to_approval,1,140,200,16.201800,
baseline,2,4,perf-baseline-r002-20260818T022744Z,loan_to_approval,1,141,200,16.521500,
baseline,2,4,perf-baseline-r002-20260818T022744Z,loan_to_approval,1,142,200,15.852800,
baseline,2,4,perf-baseline-r002-20260818T022744Z,loan_to_approval,1,143,200,16.551700,
baseline,2,4,perf-baseline-r002-20260818T022744Z,loan_to_approval,1,144,200,15.845600,
baseline,2,4,perf-baseline-r002-20260818T022744Z,loan_to_approval,1,145,200,15.558900,
baseline,2,4,perf-baseline-r002-20260818T022744Z,loan_to_approval,1,146,200,16.177500,
baseline,2,4,perf-baseline-r002-20260818T022744Z,loan_to_approval,1,147,200,16.114200,
baseline,2,4,perf-baseline-r002-20260818T022744Z,loan_to_approval,1,148,200,15.786900,
baseline,2,4,perf-baseline-r002-20260818T022744Z,loan_to_approval,1,149,200,15.739400,
baseline,2,4,perf-baseline-r002-20260818T022744Z,loan_to_approval,1,150,200,16.074500,
baseline,2,4,perf-baseline-r002-20260818T022744Z,loan_to_approval,1,151,200,16.159800,
baseline,2,4,perf-baseline-r002-20260818T022744Z,loan_to_approval,1,152,200,16.860400,
baseline,2,4,perf-baseline-r002-20260818T022744Z,loan_to_approval,1,153,200,16.024500,
baseline,2,4,perf-baseline-r002-20260818T022744Z,loan_to_approval,1,154,200,15.858100,
baseline,2,4,perf-baseline-r002-20260818T022744Z,loan_to_approval,1,155,200,16.601800,
baseline,2,4,perf-baseline-r002-20260818T022744Z,loan_to_approval,1,156,200,16.416800,
baseline,2,4,perf-baseline-r002-20260818T022744Z,loan_to_approval,1,157,200,17.098100,
baseline,2,4,perf-baseline-r002-20260818T022744Z,loan_to_approval,1,158,200,15.635500,
baseline,2,4,perf-baseline-r002-20260818T022744Z,loan_to_approval,1,159,200,17.235100,
baseline,2,4,perf-baseline-r002-20260818T022744Z,loan_to_approval,1,160,200,15.862400,
baseline,2,4,perf-baseline-r002-20260818T022744Z,loan_to_approval,1,161,200,16.022300,
baseline,2,4,perf-baseline-r002-20260818T022744Z,loan_to_approval,1,162,200,16.016600,
baseline,2,4,perf-baseline-r002-20260818T022744Z,loan_to_approval,1,163,200,16.030600,
baseline,2,4,perf-baseline-r002-20260818T022744Z,loan_to_approval,1,164,200,15.868400,
baseline,2,4,perf-baseline-r002-20260818T022744Z,loan_to_approval,1,165,200,16.670100,
baseline,2,4,perf-baseline-r002-20260818T022744Z,loan_to_approval,1,166,200,16.388400,
baseline,2,4,perf-baseline-r002-20260818T022744Z,loan_to_approval,1,167,200,16.242700,
baseline,2,4,perf-baseline-r002-20260818T022744Z,loan_to_approval,1,168,200,15.646700,
baseline,2,4,perf-baseline-r002-20260818T022744Z,loan_to_approval,1,169,200,15.822000,
baseline,2,4,perf-baseline-r002-20260818T022744Z,loan_to_approval,1,170,200,15.283200,
baseline,2,4,perf-baseline-r002-20260818T022744Z,loan_to_approval,1,171,200,16.213500,
baseline,2,4,perf-baseline-r002-20260818T022744Z,loan_to_approval,1,172,200,15.617900,
baseline,2,4,perf-baseline-r002-20260818T022744Z,loan_to_approval,1,173,200,16.310400,
baseline,2,4,perf-baseline-r002-20260818T022744Z,loan_to_approval,1,174,200,15.628900,
baseline,2,4,perf-baseline-r002-20260818T022744Z,loan_to_approval,1,175,200,16.052400,
baseline,2,4,perf-baseline-r002-20260818T022744Z,loan_to_approval,1,176,200,15.928800,
baseline,2,4,perf-baseline-r002-20260818T022744Z,loan_to_approval,1,177,200,17.372500,
baseline,2,4,perf-baseline-r002-20260818T022744Z,loan_to_approval,1,178,200,16.936600,
baseline,2,4,perf-baseline-r002-20260818T022744Z,loan_to_approval,1,179,200,17.112900,
baseline,2,4,perf-baseline-r002-20260818T022744Z,loan_to_approval,1,180,200,16.806700,
baseline,2,4,perf-baseline-r002-20260818T022744Z,loan_to_approval,1,181,200,15.663000,
baseline,2,4,perf-baseline-r002-20260818T022744Z,loan_to_approval,1,182,200,16.179100,
baseline,2,4,perf-baseline-r002-20260818T022744Z,loan_to_approval,1,183,200,16.199900,
baseline,2,4,perf-baseline-r002-20260818T022744Z,loan_to_approval,1,184,200,17.098300,
baseline,2,4,perf-baseline-r002-20260818T022744Z,loan_to_approval,1,185,200,16.567300,
baseline,2,4,perf-baseline-r002-20260818T022744Z,loan_to_approval,1,186,200,16.086800,
baseline,2,4,perf-baseline-r002-20260818T022744Z,loan_to_approval,1,187,200,17.710000,
baseline,2,4,perf-baseline-r002-20260818T022744Z,loan_to_approval,1,188,200,17.896800,
baseline,2,4,perf-baseline-r002-20260818T022744Z,loan_to_approval,1,189,200,17.831700,
baseline,2,4,perf-baseline-r002-20260818T022744Z,loan_to_approval,1,190,200,16.639700,
baseline,2,4,perf-baseline-r002-20260818T022744Z,loan_to_approval,1,191,200,17.277700,
baseline,2,4,perf-baseline-r002-20260818T022744Z,loan_to_approval,1,192,200,16.543400,
baseline,2,4,perf-baseline-r002-20260818T022744Z,loan_to_approval,1,193,200,15.902700,
baseline,2,4,perf-baseline-r002-20260818T022744Z,loan_to_approval,1,194,200,16.134000,
baseline,2,4,perf-baseline-r002-20260818T022744Z,loan_to_approval,1,195,200,16.975000,
baseline,2,4,perf-baseline-r002-20260818T022744Z,loan_to_approval,1,196,200,16.427400,
baseline,2,4,perf-baseline-r002-20260818T022744Z,loan_to_approval,1,197,200,17.963600,
baseline,2,4,perf-baseline-r002-20260818T022744Z,loan_to_approval,1,198,200,17.906500,
baseline,2,4,perf-baseline-r002-20260818T022744Z,loan_to_approval,1,199,200,18.144500,
baseline,2,4,perf-baseline-r002-20260818T022744Z,loan_to_approval,1,200,200,18.425400,
baseline,2,4,perf-baseline-r002-20260818T022744Z,loan_to_approval,2,1,200,21.066400,
baseline,2,4,perf-baseline-r002-20260818T022744Z,loan_to_approval,2,2,200,21.142500,
baseline,2,4,perf-baseline-r002-20260818T022744Z,loan_to_approval,2,3,200,20.085700,
baseline,2,4,perf-baseline-r002-20260818T022744Z,loan_to_approval,2,4,200,20.774200,
baseline,2,4,perf-baseline-r002-20260818T022744Z,loan_to_approval,2,5,200,16.736000,
baseline,2,4,perf-baseline-r002-20260818T022744Z,loan_to_approval,2,6,200,16.595700,
baseline,2,4,perf-baseline-r002-20260818T022744Z,loan_to_approval,2,7,200,16.611900,
baseline,2,4,perf-baseline-r002-20260818T022744Z,loan_to_approval,2,8,200,17.080000,
baseline,2,4,perf-baseline-r002-20260818T022744Z,loan_to_approval,2,9,200,16.699500,
baseline,2,4,perf-baseline-r002-20260818T022744Z,loan_to_approval,2,10,200,17.835200,
baseline,2,4,perf-baseline-r002-20260818T022744Z,loan_to_approval,2,11,200,16.862500,
baseline,2,4,perf-baseline-r002-20260818T022744Z,loan_to_approval,2,12,200,15.912600,
baseline,2,4,perf-baseline-r002-20260818T022744Z,loan_to_approval,2,13,200,17.468500,
baseline,2,4,perf-baseline-r002-20260818T022744Z,loan_to_approval,2,14,200,16.713800,
baseline,2,4,perf-baseline-r002-20260818T022744Z,loan_to_approval,2,15,200,15.956300,
baseline,2,4,perf-baseline-r002-20260818T022744Z,loan_to_approval,2,16,200,15.733100,
baseline,2,4,perf-baseline-r002-20260818T022744Z,loan_to_approval,2,17,200,17.210800,
baseline,2,4,perf-baseline-r002-20260818T022744Z,loan_to_approval,2,18,200,16.928500,
baseline,2,4,perf-baseline-r002-20260818T022744Z,loan_to_approval,2,19,200,16.997500,
baseline,2,4,perf-baseline-r002-20260818T022744Z,loan_to_approval,2,20,200,17.893600,
baseline,2,4,perf-baseline-r002-20260818T022744Z,loan_to_approval,2,21,200,18.496200,
baseline,2,4,perf-baseline-r002-20260818T022744Z,loan_to_approval,2,22,200,16.645500,
baseline,2,4,perf-baseline-r002-20260818T022744Z,loan_to_approval,2,23,200,17.158600,
baseline,2,4,perf-baseline-r002-20260818T022744Z,loan_to_approval,2,24,200,18.702700,
baseline,2,4,perf-baseline-r002-20260818T022744Z,loan_to_approval,2,25,200,18.963100,
baseline,2,4,perf-baseline-r002-20260818T022744Z,loan_to_approval,2,26,200,17.010600,
baseline,2,4,perf-baseline-r002-20260818T022744Z,loan_to_approval,2,27,200,16.085300,
baseline,2,4,perf-baseline-r002-20260818T022744Z,loan_to_approval,2,28,200,15.578800,
baseline,2,4,perf-baseline-r002-20260818T022744Z,loan_to_approval,2,29,200,19.959800,
baseline,2,4,perf-baseline-r002-20260818T022744Z,loan_to_approval,2,30,200,20.303500,
baseline,2,4,perf-baseline-r002-20260818T022744Z,loan_to_approval,2,31,200,21.342000,
baseline,2,4,perf-baseline-r002-20260818T022744Z,loan_to_approval,2,32,200,18.780900,
baseline,2,4,perf-baseline-r002-20260818T022744Z,loan_to_approval,2,33,200,16.731500,
baseline,2,4,perf-baseline-r002-20260818T022744Z,loan_to_approval,2,34,200,16.513700,
baseline,2,4,perf-baseline-r002-20260818T022744Z,loan_to_approval,2,35,200,18.069400,
baseline,2,4,perf-baseline-r002-20260818T022744Z,loan_to_approval,2,36,200,20.814900,
baseline,2,4,perf-baseline-r002-20260818T022744Z,loan_to_approval,2,37,200,19.610900,
baseline,2,4,perf-baseline-r002-20260818T022744Z,loan_to_approval,2,38,200,18.854400,
baseline,2,4,perf-baseline-r002-20260818T022744Z,loan_to_approval,2,39,200,16.056800,
baseline,2,4,perf-baseline-r002-20260818T022744Z,loan_to_approval,2,40,200,16.094200,
baseline,2,4,perf-baseline-r002-20260818T022744Z,loan_to_approval,2,41,200,17.258400,
baseline,2,4,perf-baseline-r002-20260818T022744Z,loan_to_approval,2,42,200,16.963900,
baseline,2,4,perf-baseline-r002-20260818T022744Z,loan_to_approval,2,43,200,15.294100,
baseline,2,4,perf-baseline-r002-20260818T022744Z,loan_to_approval,2,44,200,16.175000,
baseline,2,4,perf-baseline-r002-20260818T022744Z,loan_to_approval,2,45,200,16.440700,
baseline,2,4,perf-baseline-r002-20260818T022744Z,loan_to_approval,2,46,200,17.865400,
baseline,2,4,perf-baseline-r002-20260818T022744Z,loan_to_approval,2,47,200,16.447300,
baseline,2,4,perf-baseline-r002-20260818T022744Z,loan_to_approval,2,48,200,16.266600,
baseline,2,4,perf-baseline-r002-20260818T022744Z,loan_to_approval,2,49,200,20.397200,
baseline,2,4,perf-baseline-r002-20260818T022744Z,loan_to_approval,2,50,200,18.800300,
baseline,2,4,perf-baseline-r002-20260818T022744Z,loan_to_approval,2,51,200,16.635100,
baseline,2,4,perf-baseline-r002-20260818T022744Z,loan_to_approval,2,52,200,16.153600,
baseline,2,4,perf-baseline-r002-20260818T022744Z,loan_to_approval,2,53,200,15.742900,
baseline,2,4,perf-baseline-r002-20260818T022744Z,loan_to_approval,2,54,200,16.229800,
baseline,2,4,perf-baseline-r002-20260818T022744Z,loan_to_approval,2,55,200,15.887700,
baseline,2,4,perf-baseline-r002-20260818T022744Z,loan_to_approval,2,56,200,16.322200,
baseline,2,4,perf-baseline-r002-20260818T022744Z,loan_to_approval,2,57,200,16.847500,
baseline,2,4,perf-baseline-r002-20260818T022744Z,loan_to_approval,2,58,200,15.755200,
baseline,2,4,perf-baseline-r002-20260818T022744Z,loan_to_approval,2,59,200,16.317200,
baseline,2,4,perf-baseline-r002-20260818T022744Z,loan_to_approval,2,60,200,16.854000,
baseline,2,4,perf-baseline-r002-20260818T022744Z,loan_to_approval,2,61,200,18.238300,
baseline,2,4,perf-baseline-r002-20260818T022744Z,loan_to_approval,2,62,200,18.068100,
baseline,2,4,perf-baseline-r002-20260818T022744Z,loan_to_approval,2,63,200,16.482000,
baseline,2,4,perf-baseline-r002-20260818T022744Z,loan_to_approval,2,64,200,15.982400,
baseline,2,4,perf-baseline-r002-20260818T022744Z,loan_to_approval,2,65,200,18.549800,
baseline,2,4,perf-baseline-r002-20260818T022744Z,loan_to_approval,2,66,200,23.342900,
baseline,2,4,perf-baseline-r002-20260818T022744Z,loan_to_approval,2,67,200,19.151600,
baseline,2,4,perf-baseline-r002-20260818T022744Z,loan_to_approval,2,68,200,19.278700,
baseline,2,4,perf-baseline-r002-20260818T022744Z,loan_to_approval,2,69,200,18.809700,
baseline,2,4,perf-baseline-r002-20260818T022744Z,loan_to_approval,2,70,200,16.888600,
baseline,2,4,perf-baseline-r002-20260818T022744Z,loan_to_approval,2,71,200,15.988200,
baseline,2,4,perf-baseline-r002-20260818T022744Z,loan_to_approval,2,72,200,17.776900,
baseline,2,4,perf-baseline-r002-20260818T022744Z,loan_to_approval,2,73,200,17.129100,
baseline,2,4,perf-baseline-r002-20260818T022744Z,loan_to_approval,2,74,200,15.768200,
baseline,2,4,perf-baseline-r002-20260818T022744Z,loan_to_approval,2,75,200,17.006600,
baseline,2,4,perf-baseline-r002-20260818T022744Z,loan_to_approval,2,76,200,15.969500,
baseline,2,4,perf-baseline-r002-20260818T022744Z,loan_to_approval,2,77,200,16.305900,
baseline,2,4,perf-baseline-r002-20260818T022744Z,loan_to_approval,2,78,200,17.118400,
baseline,2,4,perf-baseline-r002-20260818T022744Z,loan_to_approval,2,79,200,18.054800,
baseline,2,4,perf-baseline-r002-20260818T022744Z,loan_to_approval,2,80,200,16.468000,
baseline,2,4,perf-baseline-r002-20260818T022744Z,loan_to_approval,2,81,200,16.945200,
baseline,2,4,perf-baseline-r002-20260818T022744Z,loan_to_approval,2,82,200,17.552900,
baseline,2,4,perf-baseline-r002-20260818T022744Z,loan_to_approval,2,83,200,16.249600,
baseline,2,4,perf-baseline-r002-20260818T022744Z,loan_to_approval,2,84,200,16.050100,
baseline,2,4,perf-baseline-r002-20260818T022744Z,loan_to_approval,2,85,200,16.442900,
baseline,2,4,perf-baseline-r002-20260818T022744Z,loan_to_approval,2,86,200,15.681700,
baseline,2,4,perf-baseline-r002-20260818T022744Z,loan_to_approval,2,87,200,16.327600,
baseline,2,4,perf-baseline-r002-20260818T022744Z,loan_to_approval,2,88,200,15.491600,
baseline,2,4,perf-baseline-r002-20260818T022744Z,loan_to_approval,2,89,200,16.066300,
baseline,2,4,perf-baseline-r002-20260818T022744Z,loan_to_approval,2,90,200,16.063800,
baseline,2,4,perf-baseline-r002-20260818T022744Z,loan_to_approval,2,91,200,15.885500,
baseline,2,4,perf-baseline-r002-20260818T022744Z,loan_to_approval,2,92,200,15.919200,
baseline,2,4,perf-baseline-r002-20260818T022744Z,loan_to_approval,2,93,200,16.390700,
baseline,2,4,perf-baseline-r002-20260818T022744Z,loan_to_approval,2,94,200,16.883400,
baseline,2,4,perf-baseline-r002-20260818T022744Z,loan_to_approval,2,95,200,16.907700,
baseline,2,4,perf-baseline-r002-20260818T022744Z,loan_to_approval,2,96,200,16.709200,
baseline,2,4,perf-baseline-r002-20260818T022744Z,loan_to_approval,2,97,200,17.116800,
baseline,2,4,perf-baseline-r002-20260818T022744Z,loan_to_approval,2,98,200,15.936400,
baseline,2,4,perf-baseline-r002-20260818T022744Z,loan_to_approval,2,99,200,17.042700,
baseline,2,4,perf-baseline-r002-20260818T022744Z,loan_to_approval,2,100,200,17.174900,
baseline,2,4,perf-baseline-r002-20260818T022744Z,loan_to_approval,2,101,200,16.813900,
baseline,2,4,perf-baseline-r002-20260818T022744Z,loan_to_approval,2,102,200,15.982800,
baseline,2,4,perf-baseline-r002-20260818T022744Z,loan_to_approval,2,103,200,16.225700,
baseline,2,4,perf-baseline-r002-20260818T022744Z,loan_to_approval,2,104,200,16.502600,
baseline,2,4,perf-baseline-r002-20260818T022744Z,loan_to_approval,2,105,200,17.345800,
baseline,2,4,perf-baseline-r002-20260818T022744Z,loan_to_approval,2,106,200,15.910000,
baseline,2,4,perf-baseline-r002-20260818T022744Z,loan_to_approval,2,107,200,15.717100,
baseline,2,4,perf-baseline-r002-20260818T022744Z,loan_to_approval,2,108,200,16.013500,
baseline,2,4,perf-baseline-r002-20260818T022744Z,loan_to_approval,2,109,200,17.187800,
baseline,2,4,perf-baseline-r002-20260818T022744Z,loan_to_approval,2,110,200,17.189700,
baseline,2,4,perf-baseline-r002-20260818T022744Z,loan_to_approval,2,111,200,16.621400,
baseline,2,4,perf-baseline-r002-20260818T022744Z,loan_to_approval,2,112,200,16.934100,
baseline,2,4,perf-baseline-r002-20260818T022744Z,loan_to_approval,2,113,200,18.450800,
baseline,2,4,perf-baseline-r002-20260818T022744Z,loan_to_approval,2,114,200,16.344900,
baseline,2,4,perf-baseline-r002-20260818T022744Z,loan_to_approval,2,115,200,16.404600,
baseline,2,4,perf-baseline-r002-20260818T022744Z,loan_to_approval,2,116,200,15.584400,
baseline,2,4,perf-baseline-r002-20260818T022744Z,loan_to_approval,2,117,200,15.802500,
baseline,2,4,perf-baseline-r002-20260818T022744Z,loan_to_approval,2,118,200,16.035200,
baseline,2,4,perf-baseline-r002-20260818T022744Z,loan_to_approval,2,119,200,16.209100,
baseline,2,4,perf-baseline-r002-20260818T022744Z,loan_to_approval,2,120,200,15.763500,
baseline,2,4,perf-baseline-r002-20260818T022744Z,loan_to_approval,2,121,200,17.420600,
baseline,2,4,perf-baseline-r002-20260818T022744Z,loan_to_approval,2,122,200,19.307100,
baseline,2,4,perf-baseline-r002-20260818T022744Z,loan_to_approval,2,123,200,18.505600,
baseline,2,4,perf-baseline-r002-20260818T022744Z,loan_to_approval,2,124,200,17.893500,
baseline,2,4,perf-baseline-r002-20260818T022744Z,loan_to_approval,2,125,200,18.782900,
baseline,2,4,perf-baseline-r002-20260818T022744Z,loan_to_approval,2,126,200,19.648800,
baseline,2,4,perf-baseline-r002-20260818T022744Z,loan_to_approval,2,127,200,17.002300,
baseline,2,4,perf-baseline-r002-20260818T022744Z,loan_to_approval,2,128,200,18.609700,
baseline,2,4,perf-baseline-r002-20260818T022744Z,loan_to_approval,2,129,200,17.831200,
baseline,2,4,perf-baseline-r002-20260818T022744Z,loan_to_approval,2,130,200,17.235200,
baseline,2,4,perf-baseline-r002-20260818T022744Z,loan_to_approval,2,131,200,16.718000,
baseline,2,4,perf-baseline-r002-20260818T022744Z,loan_to_approval,2,132,200,16.718400,
baseline,2,4,perf-baseline-r002-20260818T022744Z,loan_to_approval,2,133,200,16.426800,
baseline,2,4,perf-baseline-r002-20260818T022744Z,loan_to_approval,2,134,200,16.199900,
baseline,2,4,perf-baseline-r002-20260818T022744Z,loan_to_approval,2,135,200,16.544200,
baseline,2,4,perf-baseline-r002-20260818T022744Z,loan_to_approval,2,136,200,16.355400,
baseline,2,4,perf-baseline-r002-20260818T022744Z,loan_to_approval,2,137,200,16.527500,
baseline,2,4,perf-baseline-r002-20260818T022744Z,loan_to_approval,2,138,200,15.966600,
baseline,2,4,perf-baseline-r002-20260818T022744Z,loan_to_approval,2,139,200,15.601500,
baseline,2,4,perf-baseline-r002-20260818T022744Z,loan_to_approval,2,140,200,16.411300,
baseline,2,4,perf-baseline-r002-20260818T022744Z,loan_to_approval,2,141,200,16.003700,
baseline,2,4,perf-baseline-r002-20260818T022744Z,loan_to_approval,2,142,200,16.898800,
baseline,2,4,perf-baseline-r002-20260818T022744Z,loan_to_approval,2,143,200,16.379400,
baseline,2,4,perf-baseline-r002-20260818T022744Z,loan_to_approval,2,144,200,15.927200,
baseline,2,4,perf-baseline-r002-20260818T022744Z,loan_to_approval,2,145,200,15.744600,
baseline,2,4,perf-baseline-r002-20260818T022744Z,loan_to_approval,2,146,200,16.127800,
baseline,2,4,perf-baseline-r002-20260818T022744Z,loan_to_approval,2,147,200,15.687700,
baseline,2,4,perf-baseline-r002-20260818T022744Z,loan_to_approval,2,148,200,16.391600,
baseline,2,4,perf-baseline-r002-20260818T022744Z,loan_to_approval,2,149,200,16.067400,
baseline,2,4,perf-baseline-r002-20260818T022744Z,loan_to_approval,2,150,200,16.541800,
baseline,2,4,perf-baseline-r002-20260818T022744Z,loan_to_approval,2,151,200,16.438100,
baseline,2,4,perf-baseline-r002-20260818T022744Z,loan_to_approval,2,152,200,19.743200,
baseline,2,4,perf-baseline-r002-20260818T022744Z,loan_to_approval,2,153,200,18.475800,
baseline,2,4,perf-baseline-r002-20260818T022744Z,loan_to_approval,2,154,200,16.654000,
baseline,2,4,perf-baseline-r002-20260818T022744Z,loan_to_approval,2,155,200,16.683400,
baseline,2,4,perf-baseline-r002-20260818T022744Z,loan_to_approval,2,156,200,16.845900,
baseline,2,4,perf-baseline-r002-20260818T022744Z,loan_to_approval,2,157,200,17.271700,
baseline,2,4,perf-baseline-r002-20260818T022744Z,loan_to_approval,2,158,200,17.789200,
baseline,2,4,perf-baseline-r002-20260818T022744Z,loan_to_approval,2,159,200,16.473400,
baseline,2,4,perf-baseline-r002-20260818T022744Z,loan_to_approval,2,160,200,17.412700,
baseline,2,4,perf-baseline-r002-20260818T022744Z,loan_to_approval,2,161,200,17.426600,
baseline,2,4,perf-baseline-r002-20260818T022744Z,loan_to_approval,2,162,200,16.900900,
baseline,2,4,perf-baseline-r002-20260818T022744Z,loan_to_approval,2,163,200,16.948000,
baseline,2,4,perf-baseline-r002-20260818T022744Z,loan_to_approval,2,164,200,17.555100,
baseline,2,4,perf-baseline-r002-20260818T022744Z,loan_to_approval,2,165,200,17.624400,
baseline,2,4,perf-baseline-r002-20260818T022744Z,loan_to_approval,2,166,200,17.982500,
baseline,2,4,perf-baseline-r002-20260818T022744Z,loan_to_approval,2,167,200,16.913600,
baseline,2,4,perf-baseline-r002-20260818T022744Z,loan_to_approval,2,168,200,18.118200,
baseline,2,4,perf-baseline-r002-20260818T022744Z,loan_to_approval,2,169,200,16.488000,
baseline,2,4,perf-baseline-r002-20260818T022744Z,loan_to_approval,2,170,200,17.010900,
baseline,2,4,perf-baseline-r002-20260818T022744Z,loan_to_approval,2,171,200,18.553700,
baseline,2,4,perf-baseline-r002-20260818T022744Z,loan_to_approval,2,172,200,16.448100,
baseline,2,4,perf-baseline-r002-20260818T022744Z,loan_to_approval,2,173,200,17.200200,
baseline,2,4,perf-baseline-r002-20260818T022744Z,loan_to_approval,2,174,200,15.940900,
baseline,2,4,perf-baseline-r002-20260818T022744Z,loan_to_approval,2,175,200,17.209600,
baseline,2,4,perf-baseline-r002-20260818T022744Z,loan_to_approval,2,176,200,16.621100,
baseline,2,4,perf-baseline-r002-20260818T022744Z,loan_to_approval,2,177,200,17.468700,
baseline,2,4,perf-baseline-r002-20260818T022744Z,loan_to_approval,2,178,200,18.166700,
baseline,2,4,perf-baseline-r002-20260818T022744Z,loan_to_approval,2,179,200,16.262200,
baseline,2,4,perf-baseline-r002-20260818T022744Z,loan_to_approval,2,180,200,16.696900,
baseline,2,4,perf-baseline-r002-20260818T022744Z,loan_to_approval,2,181,200,18.520600,
baseline,2,4,perf-baseline-r002-20260818T022744Z,loan_to_approval,2,182,200,17.114800,
baseline,2,4,perf-baseline-r002-20260818T022744Z,loan_to_approval,2,183,200,16.493100,
baseline,2,4,perf-baseline-r002-20260818T022744Z,loan_to_approval,2,184,200,18.473400,
baseline,2,4,perf-baseline-r002-20260818T022744Z,loan_to_approval,2,185,200,16.693900,
baseline,2,4,perf-baseline-r002-20260818T022744Z,loan_to_approval,2,186,200,17.031800,
baseline,2,4,perf-baseline-r002-20260818T022744Z,loan_to_approval,2,187,200,16.853900,
baseline,2,4,perf-baseline-r002-20260818T022744Z,loan_to_approval,2,188,200,17.019800,
baseline,2,4,perf-baseline-r002-20260818T022744Z,loan_to_approval,2,189,200,17.912400,
baseline,2,4,perf-baseline-r002-20260818T022744Z,loan_to_approval,2,190,200,17.414500,
baseline,2,4,perf-baseline-r002-20260818T022744Z,loan_to_approval,2,191,200,18.346100,
baseline,2,4,perf-baseline-r002-20260818T022744Z,loan_to_approval,2,192,200,16.386100,
baseline,2,4,perf-baseline-r002-20260818T022744Z,loan_to_approval,2,193,200,16.954400,
baseline,2,4,perf-baseline-r002-20260818T022744Z,loan_to_approval,2,194,200,16.137900,
baseline,2,4,perf-baseline-r002-20260818T022744Z,loan_to_approval,2,195,200,16.574700,
baseline,2,4,perf-baseline-r002-20260818T022744Z,loan_to_approval,2,196,200,17.304500,
baseline,2,4,perf-baseline-r002-20260818T022744Z,loan_to_approval,2,197,200,16.678400,
baseline,2,4,perf-baseline-r002-20260818T022744Z,loan_to_approval,2,198,200,16.129200,
baseline,2,4,perf-baseline-r002-20260818T022744Z,loan_to_approval,2,199,200,16.608400,
baseline,2,4,perf-baseline-r002-20260818T022744Z,loan_to_approval,2,200,200,16.413500,
baseline,2,4,perf-baseline-r002-20260818T022744Z,loan_to_approval,3,1,200,15.875200,
baseline,2,4,perf-baseline-r002-20260818T022744Z,loan_to_approval,3,2,200,16.134300,
baseline,2,4,perf-baseline-r002-20260818T022744Z,loan_to_approval,3,3,200,15.991400,
baseline,2,4,perf-baseline-r002-20260818T022744Z,loan_to_approval,3,4,200,16.669900,
baseline,2,4,perf-baseline-r002-20260818T022744Z,loan_to_approval,3,5,200,16.178100,
baseline,2,4,perf-baseline-r002-20260818T022744Z,loan_to_approval,3,6,200,15.415900,
baseline,2,4,perf-baseline-r002-20260818T022744Z,loan_to_approval,3,7,200,16.010600,
baseline,2,4,perf-baseline-r002-20260818T022744Z,loan_to_approval,3,8,200,16.059000,
baseline,2,4,perf-baseline-r002-20260818T022744Z,loan_to_approval,3,9,200,15.827000,
baseline,2,4,perf-baseline-r002-20260818T022744Z,loan_to_approval,3,10,200,16.211500,
baseline,2,4,perf-baseline-r002-20260818T022744Z,loan_to_approval,3,11,200,15.939100,
baseline,2,4,perf-baseline-r002-20260818T022744Z,loan_to_approval,3,12,200,15.840800,
baseline,2,4,perf-baseline-r002-20260818T022744Z,loan_to_approval,3,13,200,16.065800,
baseline,2,4,perf-baseline-r002-20260818T022744Z,loan_to_approval,3,14,200,16.080500,
baseline,2,4,perf-baseline-r002-20260818T022744Z,loan_to_approval,3,15,200,16.262500,
baseline,2,4,perf-baseline-r002-20260818T022744Z,loan_to_approval,3,16,200,15.515500,
baseline,2,4,perf-baseline-r002-20260818T022744Z,loan_to_approval,3,17,200,15.913700,
baseline,2,4,perf-baseline-r002-20260818T022744Z,loan_to_approval,3,18,200,15.914900,
baseline,2,4,perf-baseline-r002-20260818T022744Z,loan_to_approval,3,19,200,15.197700,
baseline,2,4,perf-baseline-r002-20260818T022744Z,loan_to_approval,3,20,200,16.101400,
baseline,2,4,perf-baseline-r002-20260818T022744Z,loan_to_approval,3,21,200,16.081600,
baseline,2,4,perf-baseline-r002-20260818T022744Z,loan_to_approval,3,22,200,16.929200,
baseline,2,4,perf-baseline-r002-20260818T022744Z,loan_to_approval,3,23,200,15.827400,
baseline,2,4,perf-baseline-r002-20260818T022744Z,loan_to_approval,3,24,200,17.620800,
baseline,2,4,perf-baseline-r002-20260818T022744Z,loan_to_approval,3,25,200,16.159400,
baseline,2,4,perf-baseline-r002-20260818T022744Z,loan_to_approval,3,26,200,16.682100,
baseline,2,4,perf-baseline-r002-20260818T022744Z,loan_to_approval,3,27,200,16.870700,
baseline,2,4,perf-baseline-r002-20260818T022744Z,loan_to_approval,3,28,200,15.894400,
baseline,2,4,perf-baseline-r002-20260818T022744Z,loan_to_approval,3,29,200,16.084100,
baseline,2,4,perf-baseline-r002-20260818T022744Z,loan_to_approval,3,30,200,16.058100,
baseline,2,4,perf-baseline-r002-20260818T022744Z,loan_to_approval,3,31,200,15.706400,
baseline,2,4,perf-baseline-r002-20260818T022744Z,loan_to_approval,3,32,200,16.174700,
baseline,2,4,perf-baseline-r002-20260818T022744Z,loan_to_approval,3,33,200,16.148300,
baseline,2,4,perf-baseline-r002-20260818T022744Z,loan_to_approval,3,34,200,17.205600,
baseline,2,4,perf-baseline-r002-20260818T022744Z,loan_to_approval,3,35,200,16.917600,
baseline,2,4,perf-baseline-r002-20260818T022744Z,loan_to_approval,3,36,200,16.551500,
baseline,2,4,perf-baseline-r002-20260818T022744Z,loan_to_approval,3,37,200,16.977100,
baseline,2,4,perf-baseline-r002-20260818T022744Z,loan_to_approval,3,38,200,17.581100,
baseline,2,4,perf-baseline-r002-20260818T022744Z,loan_to_approval,3,39,200,17.438400,
baseline,2,4,perf-baseline-r002-20260818T022744Z,loan_to_approval,3,40,200,16.251900,
baseline,2,4,perf-baseline-r002-20260818T022744Z,loan_to_approval,3,41,200,17.199200,
baseline,2,4,perf-baseline-r002-20260818T022744Z,loan_to_approval,3,42,200,18.140400,
baseline,2,4,perf-baseline-r002-20260818T022744Z,loan_to_approval,3,43,200,17.496200,
baseline,2,4,perf-baseline-r002-20260818T022744Z,loan_to_approval,3,44,200,16.338100,
baseline,2,4,perf-baseline-r002-20260818T022744Z,loan_to_approval,3,45,200,16.013700,
baseline,2,4,perf-baseline-r002-20260818T022744Z,loan_to_approval,3,46,200,15.925700,
baseline,2,4,perf-baseline-r002-20260818T022744Z,loan_to_approval,3,47,200,16.020000,
baseline,2,4,perf-baseline-r002-20260818T022744Z,loan_to_approval,3,48,200,15.801700,
baseline,2,4,perf-baseline-r002-20260818T022744Z,loan_to_approval,3,49,200,16.249200,
baseline,2,4,perf-baseline-r002-20260818T022744Z,loan_to_approval,3,50,200,15.947600,
baseline,2,4,perf-baseline-r002-20260818T022744Z,loan_to_approval,3,51,200,15.977700,
baseline,2,4,perf-baseline-r002-20260818T022744Z,loan_to_approval,3,52,200,16.057800,
baseline,2,4,perf-baseline-r002-20260818T022744Z,loan_to_approval,3,53,200,16.148200,
baseline,2,4,perf-baseline-r002-20260818T022744Z,loan_to_approval,3,54,200,16.597400,
baseline,2,4,perf-baseline-r002-20260818T022744Z,loan_to_approval,3,55,200,16.170300,
baseline,2,4,perf-baseline-r002-20260818T022744Z,loan_to_approval,3,56,200,16.593500,
baseline,2,4,perf-baseline-r002-20260818T022744Z,loan_to_approval,3,57,200,16.864200,
baseline,2,4,perf-baseline-r002-20260818T022744Z,loan_to_approval,3,58,200,17.141200,
baseline,2,4,perf-baseline-r002-20260818T022744Z,loan_to_approval,3,59,200,16.490900,
baseline,2,4,perf-baseline-r002-20260818T022744Z,loan_to_approval,3,60,200,16.265700,
baseline,2,4,perf-baseline-r002-20260818T022744Z,loan_to_approval,3,61,200,16.831300,
baseline,2,4,perf-baseline-r002-20260818T022744Z,loan_to_approval,3,62,200,17.412800,
baseline,2,4,perf-baseline-r002-20260818T022744Z,loan_to_approval,3,63,200,16.630000,
baseline,2,4,perf-baseline-r002-20260818T022744Z,loan_to_approval,3,64,200,16.519100,
baseline,2,4,perf-baseline-r002-20260818T022744Z,loan_to_approval,3,65,200,16.947600,
baseline,2,4,perf-baseline-r002-20260818T022744Z,loan_to_approval,3,66,200,16.056900,
baseline,2,4,perf-baseline-r002-20260818T022744Z,loan_to_approval,3,67,200,17.243500,
baseline,2,4,perf-baseline-r002-20260818T022744Z,loan_to_approval,3,68,200,16.661900,
baseline,2,4,perf-baseline-r002-20260818T022744Z,loan_to_approval,3,69,200,16.037200,
baseline,2,4,perf-baseline-r002-20260818T022744Z,loan_to_approval,3,70,200,15.861400,
baseline,2,4,perf-baseline-r002-20260818T022744Z,loan_to_approval,3,71,200,16.492800,
baseline,2,4,perf-baseline-r002-20260818T022744Z,loan_to_approval,3,72,200,15.818400,
baseline,2,4,perf-baseline-r002-20260818T022744Z,loan_to_approval,3,73,200,16.915200,
baseline,2,4,perf-baseline-r002-20260818T022744Z,loan_to_approval,3,74,200,15.678600,
baseline,2,4,perf-baseline-r002-20260818T022744Z,loan_to_approval,3,75,200,16.080300,
baseline,2,4,perf-baseline-r002-20260818T022744Z,loan_to_approval,3,76,200,15.880500,
baseline,2,4,perf-baseline-r002-20260818T022744Z,loan_to_approval,3,77,200,16.118500,
baseline,2,4,perf-baseline-r002-20260818T022744Z,loan_to_approval,3,78,200,15.726200,
baseline,2,4,perf-baseline-r002-20260818T022744Z,loan_to_approval,3,79,200,15.237700,
baseline,2,4,perf-baseline-r002-20260818T022744Z,loan_to_approval,3,80,200,15.870800,
baseline,2,4,perf-baseline-r002-20260818T022744Z,loan_to_approval,3,81,200,15.934200,
baseline,2,4,perf-baseline-r002-20260818T022744Z,loan_to_approval,3,82,200,15.960500,
baseline,2,4,perf-baseline-r002-20260818T022744Z,loan_to_approval,3,83,200,15.932000,
baseline,2,4,perf-baseline-r002-20260818T022744Z,loan_to_approval,3,84,200,16.450900,
baseline,2,4,perf-baseline-r002-20260818T022744Z,loan_to_approval,3,85,200,17.064000,
baseline,2,4,perf-baseline-r002-20260818T022744Z,loan_to_approval,3,86,200,16.573100,
baseline,2,4,perf-baseline-r002-20260818T022744Z,loan_to_approval,3,87,200,15.765300,
baseline,2,4,perf-baseline-r002-20260818T022744Z,loan_to_approval,3,88,200,16.830600,
baseline,2,4,perf-baseline-r002-20260818T022744Z,loan_to_approval,3,89,200,16.636300,
baseline,2,4,perf-baseline-r002-20260818T022744Z,loan_to_approval,3,90,200,15.640900,
baseline,2,4,perf-baseline-r002-20260818T022744Z,loan_to_approval,3,91,200,15.941700,
baseline,2,4,perf-baseline-r002-20260818T022744Z,loan_to_approval,3,92,200,15.990600,
baseline,2,4,perf-baseline-r002-20260818T022744Z,loan_to_approval,3,93,200,15.748700,
baseline,2,4,perf-baseline-r002-20260818T022744Z,loan_to_approval,3,94,200,15.256500,
baseline,2,4,perf-baseline-r002-20260818T022744Z,loan_to_approval,3,95,200,16.284400,
baseline,2,4,perf-baseline-r002-20260818T022744Z,loan_to_approval,3,96,200,15.707700,
baseline,2,4,perf-baseline-r002-20260818T022744Z,loan_to_approval,3,97,200,16.275900,
baseline,2,4,perf-baseline-r002-20260818T022744Z,loan_to_approval,3,98,200,15.931700,
baseline,2,4,perf-baseline-r002-20260818T022744Z,loan_to_approval,3,99,200,16.876500,
baseline,2,4,perf-baseline-r002-20260818T022744Z,loan_to_approval,3,100,200,16.233500,
baseline,2,4,perf-baseline-r002-20260818T022744Z,loan_to_approval,3,101,200,15.663800,
baseline,2,4,perf-baseline-r002-20260818T022744Z,loan_to_approval,3,102,200,15.520900,
baseline,2,4,perf-baseline-r002-20260818T022744Z,loan_to_approval,3,103,200,16.400600,
baseline,2,4,perf-baseline-r002-20260818T022744Z,loan_to_approval,3,104,200,15.859400,
baseline,2,4,perf-baseline-r002-20260818T022744Z,loan_to_approval,3,105,200,16.054100,
baseline,2,4,perf-baseline-r002-20260818T022744Z,loan_to_approval,3,106,200,15.783200,
baseline,2,4,perf-baseline-r002-20260818T022744Z,loan_to_approval,3,107,200,16.010700,
baseline,2,4,perf-baseline-r002-20260818T022744Z,loan_to_approval,3,108,200,15.852100,
baseline,2,4,perf-baseline-r002-20260818T022744Z,loan_to_approval,3,109,200,15.943700,
baseline,2,4,perf-baseline-r002-20260818T022744Z,loan_to_approval,3,110,200,15.983900,
baseline,2,4,perf-baseline-r002-20260818T022744Z,loan_to_approval,3,111,200,16.364800,
baseline,2,4,perf-baseline-r002-20260818T022744Z,loan_to_approval,3,112,200,17.547200,
baseline,2,4,perf-baseline-r002-20260818T022744Z,loan_to_approval,3,113,200,16.181800,
baseline,2,4,perf-baseline-r002-20260818T022744Z,loan_to_approval,3,114,200,16.217500,
baseline,2,4,perf-baseline-r002-20260818T022744Z,loan_to_approval,3,115,200,15.628700,
baseline,2,4,perf-baseline-r002-20260818T022744Z,loan_to_approval,3,116,200,16.218600,
baseline,2,4,perf-baseline-r002-20260818T022744Z,loan_to_approval,3,117,200,16.639800,
baseline,2,4,perf-baseline-r002-20260818T022744Z,loan_to_approval,3,118,200,17.522300,
baseline,2,4,perf-baseline-r002-20260818T022744Z,loan_to_approval,3,119,200,17.862800,
baseline,2,4,perf-baseline-r002-20260818T022744Z,loan_to_approval,3,120,200,16.933900,
baseline,2,4,perf-baseline-r002-20260818T022744Z,loan_to_approval,3,121,200,16.072300,
baseline,2,4,perf-baseline-r002-20260818T022744Z,loan_to_approval,3,122,200,17.521800,
baseline,2,4,perf-baseline-r002-20260818T022744Z,loan_to_approval,3,123,200,16.503900,
baseline,2,4,perf-baseline-r002-20260818T022744Z,loan_to_approval,3,124,200,16.697900,
baseline,2,4,perf-baseline-r002-20260818T022744Z,loan_to_approval,3,125,200,15.801800,
baseline,2,4,perf-baseline-r002-20260818T022744Z,loan_to_approval,3,126,200,16.350400,
baseline,2,4,perf-baseline-r002-20260818T022744Z,loan_to_approval,3,127,200,15.810000,
baseline,2,4,perf-baseline-r002-20260818T022744Z,loan_to_approval,3,128,200,16.284500,
baseline,2,4,perf-baseline-r002-20260818T022744Z,loan_to_approval,3,129,200,15.876800,
baseline,2,4,perf-baseline-r002-20260818T022744Z,loan_to_approval,3,130,200,15.938400,
baseline,2,4,perf-baseline-r002-20260818T022744Z,loan_to_approval,3,131,200,15.806800,
baseline,2,4,perf-baseline-r002-20260818T022744Z,loan_to_approval,3,132,200,17.362800,
baseline,2,4,perf-baseline-r002-20260818T022744Z,loan_to_approval,3,133,200,18.154100,
baseline,2,4,perf-baseline-r002-20260818T022744Z,loan_to_approval,3,134,200,18.629800,
baseline,2,4,perf-baseline-r002-20260818T022744Z,loan_to_approval,3,135,200,17.324200,
baseline,2,4,perf-baseline-r002-20260818T022744Z,loan_to_approval,3,136,200,16.682000,
baseline,2,4,perf-baseline-r002-20260818T022744Z,loan_to_approval,3,137,200,17.062000,
baseline,2,4,perf-baseline-r002-20260818T022744Z,loan_to_approval,3,138,200,19.531100,
baseline,2,4,perf-baseline-r002-20260818T022744Z,loan_to_approval,3,139,200,16.565200,
baseline,2,4,perf-baseline-r002-20260818T022744Z,loan_to_approval,3,140,200,17.062100,
baseline,2,4,perf-baseline-r002-20260818T022744Z,loan_to_approval,3,141,200,17.000000,
baseline,2,4,perf-baseline-r002-20260818T022744Z,loan_to_approval,3,142,200,16.559900,
baseline,2,4,perf-baseline-r002-20260818T022744Z,loan_to_approval,3,143,200,15.842700,
baseline,2,4,perf-baseline-r002-20260818T022744Z,loan_to_approval,3,144,200,16.075400,
baseline,2,4,perf-baseline-r002-20260818T022744Z,loan_to_approval,3,145,200,16.866200,
baseline,2,4,perf-baseline-r002-20260818T022744Z,loan_to_approval,3,146,200,17.263700,
baseline,2,4,perf-baseline-r002-20260818T022744Z,loan_to_approval,3,147,200,15.713600,
baseline,2,4,perf-baseline-r002-20260818T022744Z,loan_to_approval,3,148,200,16.092600,
baseline,2,4,perf-baseline-r002-20260818T022744Z,loan_to_approval,3,149,200,15.966700,
baseline,2,4,perf-baseline-r002-20260818T022744Z,loan_to_approval,3,150,200,15.665500,
baseline,2,4,perf-baseline-r002-20260818T022744Z,loan_to_approval,3,151,200,16.263600,
baseline,2,4,perf-baseline-r002-20260818T022744Z,loan_to_approval,3,152,200,15.762600,
baseline,2,4,perf-baseline-r002-20260818T022744Z,loan_to_approval,3,153,200,16.332300,
baseline,2,4,perf-baseline-r002-20260818T022744Z,loan_to_approval,3,154,200,15.950800,
baseline,2,4,perf-baseline-r002-20260818T022744Z,loan_to_approval,3,155,200,15.515900,
baseline,2,4,perf-baseline-r002-20260818T022744Z,loan_to_approval,3,156,200,16.326700,
baseline,2,4,perf-baseline-r002-20260818T022744Z,loan_to_approval,3,157,200,15.855500,
baseline,2,4,perf-baseline-r002-20260818T022744Z,loan_to_approval,3,158,200,14.444300,
baseline,2,4,perf-baseline-r002-20260818T022744Z,loan_to_approval,3,159,200,15.365200,
baseline,2,4,perf-baseline-r002-20260818T022744Z,loan_to_approval,3,160,200,16.192900,
baseline,2,4,perf-baseline-r002-20260818T022744Z,loan_to_approval,3,161,200,15.988000,
baseline,2,4,perf-baseline-r002-20260818T022744Z,loan_to_approval,3,162,200,17.253600,
baseline,2,4,perf-baseline-r002-20260818T022744Z,loan_to_approval,3,163,200,16.135000,
baseline,2,4,perf-baseline-r002-20260818T022744Z,loan_to_approval,3,164,200,16.808800,
baseline,2,4,perf-baseline-r002-20260818T022744Z,loan_to_approval,3,165,200,17.288700,
baseline,2,4,perf-baseline-r002-20260818T022744Z,loan_to_approval,3,166,200,16.848400,
baseline,2,4,perf-baseline-r002-20260818T022744Z,loan_to_approval,3,167,200,17.550700,
baseline,2,4,perf-baseline-r002-20260818T022744Z,loan_to_approval,3,168,200,15.778200,
baseline,2,4,perf-baseline-r002-20260818T022744Z,loan_to_approval,3,169,200,15.187100,
baseline,2,4,perf-baseline-r002-20260818T022744Z,loan_to_approval,3,170,200,18.989000,
baseline,2,4,perf-baseline-r002-20260818T022744Z,loan_to_approval,3,171,200,16.840800,
baseline,2,4,perf-baseline-r002-20260818T022744Z,loan_to_approval,3,172,200,18.844400,
baseline,2,4,perf-baseline-r002-20260818T022744Z,loan_to_approval,3,173,200,19.372000,
baseline,2,4,perf-baseline-r002-20260818T022744Z,loan_to_approval,3,174,200,19.621900,
baseline,2,4,perf-baseline-r002-20260818T022744Z,loan_to_approval,3,175,200,17.411100,
baseline,2,4,perf-baseline-r002-20260818T022744Z,loan_to_approval,3,176,200,17.353800,
baseline,2,4,perf-baseline-r002-20260818T022744Z,loan_to_approval,3,177,200,16.697600,
baseline,2,4,perf-baseline-r002-20260818T022744Z,loan_to_approval,3,178,200,17.139000,
baseline,2,4,perf-baseline-r002-20260818T022744Z,loan_to_approval,3,179,200,17.521100,
baseline,2,4,perf-baseline-r002-20260818T022744Z,loan_to_approval,3,180,200,17.493100,
baseline,2,4,perf-baseline-r002-20260818T022744Z,loan_to_approval,3,181,200,17.057300,
baseline,2,4,perf-baseline-r002-20260818T022744Z,loan_to_approval,3,182,200,16.382400,
baseline,2,4,perf-baseline-r002-20260818T022744Z,loan_to_approval,3,183,200,16.291900,
baseline,2,4,perf-baseline-r002-20260818T022744Z,loan_to_approval,3,184,200,15.637000,
baseline,2,4,perf-baseline-r002-20260818T022744Z,loan_to_approval,3,185,200,17.247500,
baseline,2,4,perf-baseline-r002-20260818T022744Z,loan_to_approval,3,186,200,15.566600,
baseline,2,4,perf-baseline-r002-20260818T022744Z,loan_to_approval,3,187,200,14.884300,
baseline,2,4,perf-baseline-r002-20260818T022744Z,loan_to_approval,3,188,200,15.935100,
baseline,2,4,perf-baseline-r002-20260818T022744Z,loan_to_approval,3,189,200,15.313400,
baseline,2,4,perf-baseline-r002-20260818T022744Z,loan_to_approval,3,190,200,15.927800,
baseline,2,4,perf-baseline-r002-20260818T022744Z,loan_to_approval,3,191,200,15.928300,
baseline,2,4,perf-baseline-r002-20260818T022744Z,loan_to_approval,3,192,200,15.874200,
baseline,2,4,perf-baseline-r002-20260818T022744Z,loan_to_approval,3,193,200,16.365900,
baseline,2,4,perf-baseline-r002-20260818T022744Z,loan_to_approval,3,194,200,15.745300,
baseline,2,4,perf-baseline-r002-20260818T022744Z,loan_to_approval,3,195,200,15.985000,
baseline,2,4,perf-baseline-r002-20260818T022744Z,loan_to_approval,3,196,200,16.451000,
baseline,2,4,perf-baseline-r002-20260818T022744Z,loan_to_approval,3,197,200,18.668800,
baseline,2,4,perf-baseline-r002-20260818T022744Z,loan_to_approval,3,198,200,16.822200,
baseline,2,4,perf-baseline-r002-20260818T022744Z,loan_to_approval,3,199,200,16.133500,
baseline,2,4,perf-baseline-r002-20260818T022744Z,loan_to_approval,3,200,200,15.704900,
